10	0.005787	0.00018		1.9	0.004927	0.000236	1.8	0.0054036	0.000192	1.9
20	0.0033533	0.000154	1.9	0.0028819	8.74E-05	1.8	0.0031448	0.000115	1.9
30	0.002426	0.00015		1.9	0.0020991	7.56E-05	1.8	0.002282	0.000114	1.9
40	0.001924	0.000142	1.9	0.0016731	7.59E-05	1.8	0.001814	0.000111	1.9
50	0.001604	0.000134	1.9	0.001401	7.56E-05	1.8	0.001516	0.000107	1.9
60	0.001381	0.000126	1.9	0.001211	7.44E-05	1.8	0.001307	0.000103	1.9
70	0.001215	0.000118	1.9	0.00107		7.27E-05	1.9	0.001153	9.79E-05	1.9
80	0.001088	0.000112	1.9	0.0009607	7.07E-05	1.9	0.001033	9.35E-05	1.9
90	0.0009853	0.000106	1.9	0.0008731	6.86E-05	1.9	0.0009372	8.94E-05	1.9
100	0.00090572	3.43E-05	2	0.0008012	6.66E-05	1.9	0.0008587	8.56E-05	1.9
110	0.00089665	3.26E-05	2	0.000741	6.45E-05	1.9	0.0007931	8.22E-05	1.9
120	0.00088768	3.11E-05	2	0.0006898	6.26E-05	1.9	0.0007374	7.89E-05	1.9
130	0.0008788	2.98E-05	2	0.0006457	6.08E-05	1.9	0.0006893	7.60E-05	1.9
140	0.00087002	2.86E-05	2	0.0006073	5.90E-05	1.9	0.00066855	2.71E-05	1.9
150	0.00086132	2.75E-05	2	0.0005735	5.73E-05	1.9	0.00066359	2.62E-05	1.9
160	0.00085272	2.65E-05	2	0.0005434	5.58E-05	1.9	0.00065866	2.54E-05	1.8
170	0.00084421	2.55E-05	2	0.0005166	5.43E-05	1.9	0.00065377	2.46E-05	1.8
180	0.00083578	2.47E-05	2	0.0004924	5.29E-05	1.9	0.00064892	2.39E-05	1.8
190	0.00082744	2.39E-05	2	0.0004705	5.15E-05	1.9	0.0006441	2.33E-05	1.8
200	0.00081919	2.32E-05	2	0.00045248	1.15E-05	1.9	0.00063933	2.26E-05	1.8
210	0.00081101	2.25E-05	2	0.00045021	1.10E-05	1.9	0.00063459	2.21E-05	1.8
220	0.00080292	2.19E-05	2	0.00044796	1.05E-05	1.9	0.00062989	2.15E-05	1.8
230	0.00079492	2.13E-05	2	0.00044572	1.01E-05	1.9	0.00062522	2.10E-05	1.8
240	0.00078699	2.08E-05	2	0.00044348	9.64E-06	1.9	0.00062059	2.05E-05	1.8
250	0.00077915	2.03E-05	2	0.00044126	9.25E-06	1.9	0.00061599	2.01E-05	1.8
260	0.00077138	1.98E-05	2	0.00043906	8.89E-06	1.9	0.00061143	1.96E-05	1.8
270	0.00076369	1.93E-05	2	0.00043686	8.54E-06	1.9	0.0006069	1.92E-05	1.8
280	0.00075608	1.89E-05	2	0.00043468	8.21E-06	1.9	0.00060241	1.88E-05	1.8
290	0.00074854	1.85E-05	2	0.0004325	7.90E-06	1.9	0.00059795	1.84E-05	1.8
300	0.00074108	1.81E-05	2	0.00043034	7.60E-06	1.9	0.00059353	1.81E-05	1.7
310	0.0007337	1.78E-05	2	0.00042819	7.32E-06	1.9	0.00058913	1.77E-05	1.7
320	0.00072638	1.74E-05	2	0.00042605	7.06E-06	1.9	0.00058477	1.74E-05	1.7
330	0.00071915	1.71E-05	2	0.00042392	6.81E-06	1.9	0.00058045	1.71E-05	1.7
340	0.00071198	1.68E-05	2	0.0004218	6.58E-06	1.9	0.00057615	1.68E-05	1.7
350	0.00070489	1.65E-05	2	0.0004197	6.36E-06	1.9	0.00057189	1.65E-05	1.7
360	0.00069786	1.62E-05	2	0.0004176	6.15E-06	1.9	0.00056766	1.62E-05	1.7
370	0.00069091	1.59E-05	2	0.00041552	5.96E-06	1.8	0.00056346	1.59E-05	1.7
380	0.00068403	1.57E-05	2	0.00041344	5.78E-06	1.8	0.00055929	1.57E-05	1.7
390	0.00067721	1.54E-05	2	0.00041138	5.61E-06	1.8	0.00055516	1.54E-05	1.7
400	0.00067046	1.52E-05	2	0.00040932	5.45E-06	1.8	0.00055105	1.52E-05	1.7
410	0.00066378	1.50E-05	2	0.00040728	5.30E-06	1.8	0.00054697	1.49E-05	1.8
420	0.00065717	1.47E-05	2	0.00040525	5.16E-06	1.8	0.00054293	1.47E-05	1.8
430	0.00065062	1.45E-05	2	0.00040323	5.03E-06	1.8	0.00053891	1.45E-05	1.8
440	0.00064414	1.43E-05	2	0.00040121	4.92E-06	1.7	0.00053493	1.43E-05	1.8
450	0.00063773	1.41E-05	2	0.00039921	4.81E-06	1.7	0.00053097	1.41E-05	1.8
460	0.00063137	1.39E-05	2	0.00039722	4.71E-06	1.7	0.00052705	1.39E-05	1.8
470	0.00062508	1.37E-05	2	0.00039524	4.62E-06	1.7	0.00052315	1.37E-05	1.8
480	0.00061886	1.35E-05	2	0.00039326	4.54E-06	1.7	0.00051928	1.35E-05	1.8
490	0.00061269	1.33E-05	2	0.0003913	4.46E-06	1.7	0.00051544	1.33E-05	1.8
500	0.00060659	1.32E-05	2	0.00038935	4.40E-06	1.6	0.00051163	1.31E-05	1.8
510	0.00060055	1.30E-05	2	0.00038741	4.34E-06	1.6	0.00050785	1.29E-05	1.8
520	0.00059456	1.28E-05	2	0.00038548	4.29E-06	1.6	0.00050409	1.28E-05	1.8
530	0.00058864	1.26E-05	2	0.00038355	4.24E-06	1.7	0.00050037	1.26E-05	1.8
540	0.00058278	1.25E-05	2	0.00038164	4.20E-06	1.7	0.00049667	1.24E-05	1.8
550	0.00057697	1.23E-05	2	0.00037974	4.17E-06	1.7	0.000493	1.23E-05	1.8
560	0.00057122	1.22E-05	2	0.00037784	4.14E-06	1.7	0.00048935	1.21E-05	1.8
570	0.00056553	1.20E-05	2	0.00037596	4.11E-06	1.7	0.00048573	1.20E-05	1.8
580	0.0005599	1.19E-05	2	0.00037408	4.09E-06	1.7	0.00048214	1.18E-05	1.8
590	0.00055432	1.17E-05	2	0.00037222	4.08E-06	1.7	0.00047858	1.17E-05	1.8
600	0.0005488	1.16E-05	2	0.00037036	4.07E-06	1.7	0.00047504	1.15E-05	1.9
610	0.00054333	1.14E-05	2	0.00036851	4.06E-06	1.7	0.00047153	1.14E-05	1.9
620	0.00053792	1.13E-05	2	0.00036668	4.06E-06	1.8	0.00046804	1.13E-05	1.9
630	0.00053256	1.12E-05	2	0.00036485	4.05E-06	1.8	0.00046458	1.11E-05	1.9
640	0.00052726	1.10E-05	2	0.00036303	4.06E-06	1.8	0.00046115	1.10E-05	1.9
650	0.00052201	1.09E-05	2	0.00036122	4.06E-06	1.8	0.00045774	1.09E-05	1.9
660	0.00051681	1.08E-05	2	0.00035942	4.07E-06	1.8	0.00045436	1.07E-05	1.9
670	0.00051166	1.06E-05	2	0.00035762	4.07E-06	1.8	0.000451	1.06E-05	1.9
680	0.00050656	1.05E-05	2	0.00035584	4.08E-06	1.8	0.00044767	1.05E-05	1.9
690	0.00050151	1.04E-05	2	0.00035407	4.09E-06	1.8	0.00044436	1.04E-05	1.9
700	0.00049652	1.02E-05	2	0.0003523	4.11E-06	1.9	0.00044107	1.02E-05	1.9
710	0.00049157	1.01E-05	2	0.00035054	4.12E-06	1.9	0.00043781	1.01E-05	1.9
720	0.00048668	1.00E-05	2	0.0003488	4.14E-06	1.9	0.00043457	1.00E-05	1.9
730	0.00048183	9.89E-06	2	0.00034706	4.15E-06	1.9	0.00043136	9.89E-06	1.9
740	0.00047703	9.78E-06	2	0.00034533	4.17E-06	1.9	0.00042817	9.78E-06	1.9
750	0.00047228	9.66E-06	2	0.0003436	4.18E-06	1.9	0.00042501	9.67E-06	1.9
760	0.00046757	9.55E-06	2	0.00034189	4.20E-06	1.9	0.00042187	9.56E-06	1.9
770	0.00046291	9.44E-06	2	0.00034019	4.22E-06	1.9	0.00041875	9.46E-06	1.9
780	0.0004583	9.33E-06	2	0.00033849	4.24E-06	1.9	0.00041565	9.35E-06	1.9
790	0.00045374	9.22E-06	2	0.0003368	4.25E-06	1.9	0.00041258	9.25E-06	1.9
800	0.00044922	9.12E-06	2	0.00033512	4.27E-06	1.9	0.00040953	9.15E-06	1.9
810	0.00044474	9.02E-06	2	0.00033345	4.29E-06	1.9	0.0004065	9.05E-06	1.9
820	0.00044031	8.91E-06	2	0.00033179	4.31E-06	1.9	0.0004035	8.95E-06	1.9
830	0.00043592	8.81E-06	2	0.00033014	4.33E-06	1.9	0.00040052	8.85E-06	1.9
840	0.00043158	8.71E-06	2	0.00032849	4.34E-06	1.9	0.00039756	8.76E-06	1.9
850	0.00042728	8.62E-06	2	0.00032685	4.36E-06	1.9	0.00039462	8.66E-06	1.9
860	0.00042303	8.52E-06	2	0.00032522	4.38E-06	1.9	0.0003917	8.57E-06	1.9
870	0.00041881	8.43E-06	2	0.0003236	4.40E-06	1.9	0.00038881	8.48E-06	1.9
880	0.00041464	8.34E-06	2	0.00032199	4.41E-06	1.9	0.00038593	8.39E-06	1.9
890	0.00041051	8.25E-06	2	0.00032038	4.43E-06	1.9	0.00038308	8.30E-06	1.9
900	0.000663	0.00248		1.2	0.00031878	4.44E-06	1.9	0.00038025	8.22E-06	1.9
910	0.00112		0.00336		1.6	0.00031719	4.46E-06	1.9	0.00037744	8.13E-06	1.9
920	0.00181		0.00438		2	0.00031561	4.47E-06	1.9	0.00037465	8.05E-06	1.9
930	0.00278		0.00548		2.1	0.00031404	4.49E-06	1.9	0.00037188	7.96E-06	2
940	0.00404		0.00657		1.9	0.00031247	4.50E-06	1.9	0.00036913	7.88E-06	1.9
950	0.00554		0.00752		1.7	0.00031092	4.51E-06	1.9	0.0003664	7.80E-06	2
960	0.00715		0.00823		1.6	0.00030937	4.53E-06	1.9	0.00036369	7.72E-06	1.9
970	0.00866		0.00867		1.5	0.00030782	4.54E-06	1.9	0.000361	7.64E-06	1.9
980	0.00981		0.008921	1.4	0.00030629	4.55E-06	2	0.00035834	7.57E-06	1.9
