10	0.031441	0.000495	2	0.031441	0.000495	2
20	0.01833		0.000245	2	0.01833		0.000245	2
30	0.01332		0.000242	2	0.01332		0.000242	2
40	0.010596	0.000241	2	0.010596	0.000241	2
50	0.0088621	0.000235	2	0.0088621	0.000235	2
60	0.0076501	0.000227	2	0.0076501	0.000227	2
70	0.0067501	0.000218	2	0.0067501	0.000218	2
80	0.0060511	0.000209	2	0.006051	0.000209	2
90	0.0054943	0.000201	2	0.0054942	0.000201	2
100	0.0050371	0.000194	2	0.005037	0.000194	2
110	0.0046546	0.000186	2	0.0046545	0.000186	2
120	0.0043294	0.00018		2	0.0043293	0.00018		2
130	0.0040492	0.000173	2	0.0040491	0.000173	2
140	0.0038053	0.000168	2	0.0038052	0.000168	2
150	0.0035905	0.000162	2	0.0035904	0.000162	2
160	0.0035128	4.00E-05	2	0.0035128	4.00E-05	2
170	0.0034899	3.82E-05	2	0.0034899	3.82E-05	2
180	0.0034672	3.66E-05	2	0.0034672	3.66E-05	2
190	0.0034447	3.49E-05	2	0.0034447	3.49E-05	2
200	0.0034223	3.36E-05	2	0.0034223	3.36E-05	2
210	0.0034001	3.21E-05	2	0.0034001	3.21E-05	2
220	0.003378	3.10E-05	2	0.003378	3.10E-05	2
230	0.0033561	2.98E-05	2	0.0033561	2.98E-05	2
240	0.0033343	2.87E-05	2	0.0033343	2.87E-05	2
250	0.0033127	2.77E-05	2	0.0033127	2.77E-05	2
260	0.0032912	2.68E-05	2	0.0032912	2.68E-05	2
270	0.0032699	2.58E-05	2	0.0032699	2.59E-05	2
280	0.0032487	2.51E-05	2	0.0032487	2.51E-05	2
290	0.0032276	2.43E-05	2	0.0032276	2.44E-05	2
300	0.0032067	2.36E-05	2	0.0032067	2.36E-05	2
310	0.0031859	2.31E-05	2	0.0031859	2.31E-05	2
320	0.0031653	2.24E-05	2	0.0031652	2.24E-05	2
330	0.0031447	2.19E-05	2	0.0031447	2.19E-05	2
340	0.0031244	2.15E-05	2	0.0031244	2.15E-05	2
350	0.0031041	2.10E-05	2	0.0031041	2.10E-05	2
360	0.003084	2.05E-05	2	0.003084	2.05E-05	2
370	0.003064	2.01E-05	2	0.003064	2.01E-05	2
380	0.0030442	1.98E-05	2	0.0030442	1.98E-05	2
390	0.0030245	1.94E-05	2	0.0030245	1.94E-05	2
400	0.0030049	1.91E-05	2	0.0030049	1.91E-05	2
410	0.0029854	1.88E-05	2	0.0029854	1.88E-05	2
420	0.0029661	1.86E-05	2	0.0029661	1.86E-05	2
430	0.0029469	1.84E-05	2	0.0029469	1.84E-05	2
440	0.0029278	1.82E-05	2	0.0029278	1.82E-05	2
450	0.0029088	1.80E-05	2	0.0029088	1.80E-05	2
460	0.00289		1.78E-05	2	0.00289		1.78E-05	2
470	0.0028713	1.77E-05	2	0.0028713	1.77E-05	2
480	0.0028527	1.75E-05	2	0.0028527	1.75E-05	2
490	0.0028343	1.74E-05	2	0.0028343	1.74E-05	2
500	0.0028159	1.73E-05	2	0.0028159	1.73E-05	2
510	0.0027977	1.72E-05	2	0.0027977	1.72E-05	2
520	0.0027795	1.71E-05	2	0.0027795	1.71E-05	2
530	0.0027616	1.70E-05	2	0.0027616	1.70E-05	2
540	0.0027437	1.69E-05	2	0.0027437	1.69E-05	2
550	0.0027259	1.69E-05	2	0.0027259	1.69E-05	2
560	0.0027083	1.68E-05	2	0.0027083	1.68E-05	2
570	0.0026908	1.67E-05	2	0.0026908	1.68E-05	2
580	0.0026733	1.67E-05	2	0.0026733	1.67E-05	2
590	0.002656	1.67E-05	2	0.002656	1.67E-05	2
600	0.0026388	1.66E-05	2	0.0026388	1.66E-05	2
610	0.0026217	1.66E-05	2	0.0026217	1.66E-05	2
620	0.0026048	1.65E-05	2	0.0026048	1.66E-05	2
630	0.0025879	1.65E-05	2	0.0025879	1.65E-05	2
640	0.0025712	1.65E-05	2	0.0025712	1.65E-05	2
650	0.0025545	1.65E-05	2	0.0025545	1.65E-05	2
660	0.002538	1.64E-05	2	0.002538	1.65E-05	2
670	0.0025216	1.64E-05	2	0.0025216	1.64E-05	2
680	0.0025052	1.64E-05	2	0.0025052	1.64E-05	2
690	0.002489	1.64E-05	2	0.002489	1.64E-05	2
700	0.0024729	1.64E-05	2	0.0024729	1.64E-05	2
710	0.0024569	1.63E-05	2	0.0024569	1.63E-05	2
720	0.002441	1.63E-05	2	0.002441	1.63E-05	2
730	0.0024252	1.63E-05	2	0.0024252	1.63E-05	2
740	0.0024095	1.63E-05	2	0.0024095	1.63E-05	2
750	0.0023939	1.63E-05	2	0.0023939	1.63E-05	2
760	0.0023784	1.62E-05	2	0.0023784	1.62E-05	2
770	0.002363	1.62E-05	2	0.002363	1.62E-05	2
780	0.0023477	1.62E-05	2	0.0023477	1.62E-05	2
790	0.0023325	1.62E-05	2	0.0023325	1.62E-05	2
800	0.0023174	1.61E-05	2	0.0023174	1.61E-05	2
810	0.0023024	1.61E-05	2	0.0023024	1.61E-05	2
820	0.0022875	1.61E-05	2	0.0022875	1.61E-05	2
830	0.0022727	1.61E-05	2	0.0022727	1.61E-05	2
840	0.002258	1.60E-05	2	0.002258	1.60E-05	2
850	0.0022434	1.60E-05	2	0.0022434	1.60E-05	2
860	0.0022289	1.60E-05	2	0.0022289	1.60E-05	2
870	0.0022145	1.59E-05	2	0.0022145	1.59E-05	2
880	0.0022001	1.59E-05	2	0.0022001	1.59E-05	2
890	0.0021859	1.59E-05	2	0.0021859	1.59E-05	2
900	0.0021717	1.58E-05	2	0.0021717	1.58E-05	2
910	0.0021577	1.58E-05	2	0.0021577	1.58E-05	2
920	0.0021437	1.57E-05	2	0.0021437	1.58E-05	2
930	0.0021298	1.57E-05	2	0.0021298	1.57E-05	2
940	0.002116	1.57E-05	2	0.002116	1.57E-05	2
950	0.0021023	1.56E-05	2	0.0021023	1.56E-05	2
960	0.0020887	1.56E-05	2	0.0020887	1.56E-05	2
970	0.0020752	1.55E-05	2	0.0020752	1.55E-05	2
980	0.0020618	1.55E-05	2	0.0020618	1.55E-05	2
990	0.0020484	1.54E-05	2	0.0020484	1.54E-05	2
1000	0.0020352	1.54E-05	2	0.0020352	1.54E-05	2
1010	0.002022	1.53E-05	2	0.002022	1.53E-05	2
1020	0.0020089	1.53E-05	2	0.0020089	1.53E-05	2
1030	0.0019959	1.52E-05	2	0.0019959	1.53E-05	2
1040	0.001983	1.52E-05	2	0.001983	1.52E-05	2
1050	0.0019701	1.51E-05	2	0.0019701	1.51E-05	2
1060	0.0019574	1.51E-05	2	0.0019574	1.51E-05	2
1070	0.0019447	1.50E-05	2	0.0019447	1.50E-05	2
1080	0.0019321	1.50E-05	2	0.0019321	1.50E-05	2
1090	0.0019196	1.49E-05	2	0.0019196	1.49E-05	2
1100	0.0019072	1.49E-05	2	0.0019072	1.49E-05	2
1110	0.0018948	1.48E-05	2	0.0018948	1.48E-05	2
1120	0.0018826	1.47E-05	2	0.0018826	1.47E-05	2
1130	0.0018704	1.47E-05	2	0.0018704	1.47E-05	2
1140	0.0018583	1.46E-05	2	0.0018583	1.46E-05	2
1150	0.0018462	1.45E-05	2	0.0018462	1.45E-05	2
1160	0.0018343	1.45E-05	2	0.0018343	1.45E-05	2
1170	0.0018224	1.44E-05	2	0.0018224	1.44E-05	2
1180	0.0018106	1.43E-05	2	0.0018106	1.43E-05	2
1190	0.0017989	1.43E-05	2	0.0017989	1.43E-05	2
1200	0.0017873	1.42E-05	2	0.0017873	1.42E-05	2
1210	0.0017757	1.41E-05	2	0.0017757	1.41E-05	2
1220	0.0017642	1.41E-05	2	0.0017642	1.41E-05	2
1230	0.0017528	1.40E-05	2	0.0017528	1.40E-05	2
1240	0.0017414	1.39E-05	2	0.0017414	1.39E-05	2
1250	0.0017302	1.39E-05	2	0.0017302	1.39E-05	2
1260	0.001719	1.38E-05	2	0.001719	1.38E-05	2
1270	0.0017078	1.37E-05	2	0.0017078	1.37E-05	2
1280	0.0016967	1.36E-05	2	0.0016967	1.37E-05	2
1290	0.0016858	1.36E-05	2	0.0016858	1.36E-05	2
1300	0.0016749	1.35E-05	2	0.0016749	1.35E-05	2
1310	0.001664	1.34E-05	2	0.001664	1.34E-05	2
1320	0.0016533	1.34E-05	2	0.0016533	1.34E-05	2
1330	0.0016426	1.33E-05	2	0.0016426	1.33E-05	2
1340	0.0016319	1.32E-05	2	0.0016319	1.32E-05	2
1350	0.0016214	1.31E-05	2	0.0016214	1.31E-05	2
1360	0.0016108	1.31E-05	2	0.0016108	1.31E-05	2
1370	0.0016004	1.30E-05	2	0.0016004	1.30E-05	2
1380	0.0015901	1.29E-05	2	0.0015901	1.29E-05	2
1390	0.0015797	1.28E-05	2	0.0015797	1.28E-05	2
1400	0.0015695	1.28E-05	2	0.0015695	1.28E-05	2
1410	0.0015593	1.27E-05	2	0.0015593	1.27E-05	2
1420	0.0015493	1.26E-05	2	0.0015493	1.26E-05	2
1430	0.0015392	1.25E-05	2	0.0015392	1.25E-05	2
1440	0.00239		0.00485		2	0.00239		0.00485		2
1450	0.00451		0.00835		2	0.00451		0.00835		2
1460	0.00883		0.0126		2	0.00882		0.0126		2
1470	0.0161		0.0171		2	0.0161		0.0171		2
1480	0.0267		0.0217		2	0.0267		0.0217		2
1490	0.0411		0.0277		2	0.0411		0.0277		2
1500	0.0547		0.0314		2	0.0547		0.0314		2
1510	0.05897		0.0311		2	0.05896		0.0311		2
