10	0.004506	0.000288	1.8
20	0.0026466	9.60E-05	1.8
30	0.0019334	5.83E-05	1.8
40	0.0015447	5.22E-05	1.8
50	0.0012965	5.20E-05	1.8
60	0.0011226	5.23E-05	1.8
70	0.0009934	5.22E-05	1.8
80	0.000893	5.17E-05	1.8
90	0.0008127	5.11E-05	1.8
100	0.0007467	5.02E-05	1.8
110	0.0006914	4.93E-05	1.9
120	0.0006444	4.83E-05	1.9
130	0.0006038	4.73E-05	1.9
140	0.0005684	4.64E-05	1.9
150	0.0005373	4.54E-05	1.9
160	0.0005096	4.44E-05	1.9
170	0.0004848	4.35E-05	1.9
180	0.0004625	4.26E-05	1.9
190	0.0004423	4.18E-05	1.9
200	0.0004239	4.09E-05	1.9
210	0.0004071	4.01E-05	1.9
220	0.0003917	3.93E-05	1.9
230	0.0003774	3.86E-05	1.9
240	0.0003642	3.79E-05	1.9
250	0.000352	3.72E-05	1.9
260	0.0003406	3.65E-05	1.9
270	0.00033		3.59E-05	1.9
280	0.0003131	7.38E-06	2.0
290	0.00031202	7.12E-06	2.0
300	0.00031094	6.87E-06	2.0
310	0.00030986	6.63E-06	2.0
320	0.00030879	6.40E-06	2.0
330	0.00030772	6.17E-06	2.0
340	0.00030666	5.96E-06	2.0
350	0.0003056	5.75E-06	2.0
360	0.00030455	5.55E-06	2.0
370	0.00030349	5.35E-06	2.0
380	0.00030245	5.17E-06	2.0
390	0.0003014	4.99E-06	2.0
400	0.00030036	4.81E-06	2.0
410	0.00029933	4.65E-06	2.0
420	0.00029829	4.48E-06	2.0
430	0.00029726	4.33E-06	2.0
440	0.00029624	4.18E-06	2.0
450	0.00029522	4.03E-06	2.0
460	0.0002942	3.89E-06	2.0
470	0.00029319	3.75E-06	2.0
480	0.00029217	3.62E-06	2.0
490	0.00029117	3.50E-06	2.0
500	0.00029016	3.37E-06	2.0
510	0.00028916	3.26E-06	2.0
520	0.00028817	3.14E-06	2.0
530	0.00028717	3.04E-06	2.0
540	0.00028619	2.93E-06	2.0
550	0.0002852	2.83E-06	2.0
560	0.00028422	2.74E-06	2.0
570	0.00028324	2.65E-06	2.0
580	0.00028226	2.56E-06	2.0
590	0.00028129	2.48E-06	2.0
600	0.00028032	2.40E-06	2.0
610	0.00027936	2.33E-06	2.0
620	0.00027839	2.26E-06	2.0
630	0.00027744	2.19E-06	2.0
640	0.00027648	2.13E-06	2.0
650	0.00027553	2.07E-06	2.0
660	0.00027458	2.02E-06	2.0
670	0.00027363	1.97E-06	2.0
680	0.00027269	1.93E-06	2.0
690	0.00027175	1.89E-06	2.0
700	0.00027082	1.85E-06	2.0
710	0.00026989	1.82E-06	2.0
720	0.00026896	1.80E-06	2.0
730	0.00026803	1.77E-06	2.0
740	0.00026711	1.75E-06	2.0
750	0.00026619	1.74E-06	2.0
760	0.00026527	1.72E-06	2.0
770	0.00026436	1.71E-06	2.0
780	0.00026345	1.71E-06	2.0
790	0.00026254	1.70E-06	2.0
800	0.00026164	1.70E-06	2.0
810	0.00026074	1.71E-06	2.0
820	0.00025984	1.71E-06	2.0
830	0.00025895	1.72E-06	2.0
840	0.00025806	1.73E-06	2.0
850	0.00025717	1.74E-06	2.0
860	0.00025628	1.75E-06	2.0
870	0.0002554	1.77E-06	2.0
880	0.00025452	1.78E-06	2.0
890	0.00025365	1.80E-06	2.0
900	0.00025277	1.82E-06	2.0
910	0.0002519	1.84E-06	2.0
920	0.00025104	1.86E-06	2.0
930	0.00025017	1.88E-06	2.0
940	0.00024931	1.90E-06	2.0
950	0.00024845	1.92E-06	2.0
960	0.0002476	1.95E-06	2.0
970	0.00024675	1.97E-06	2.0
980	0.0002459	1.99E-06	2.0
990	0.00024505	2.02E-06	2.0
1000	0.00024421	2.04E-06	2.0
1010	0.00024337	2.07E-06	2.0
1020	0.00024253	2.09E-06	2.0
1030	0.0002417	2.11E-06	2.0
1040	0.00024087	2.14E-06	2.0
1050	0.00024004	2.16E-06	2.0
1060	0.00023921	2.19E-06	2.0
1070	0.00023839	2.21E-06	2.0
1080	0.00023757	2.23E-06	2.0
1090	0.00023675	2.26E-06	2.0
1100	0.00023594	2.28E-06	2.0
1110	0.00023512	2.30E-06	2.0
1120	0.00023431	2.33E-06	2.0
1130	0.00023351	2.35E-06	2.0
1140	0.00023271	2.37E-06	2.0
1150	0.0002319	2.39E-06	2.0
1160	0.00023111	2.41E-06	2.0
1170	0.00023031	2.43E-06	2.0
1180	0.00022952	2.46E-06	2.0
1190	0.00022873	2.48E-06	2.0
1200	0.00022794	2.50E-06	2.0
1210	0.00022716	2.52E-06	2.0
1220	0.00022638	2.53E-06	2.0
1230	0.0002256	2.55E-06	2.0
1240	0.00022482	2.57E-06	2.0
1250	0.00022405	2.59E-06	2.0
1260	0.00022328	2.61E-06	2.0
1270	0.00022251	2.63E-06	2.0
1280	0.00022174	2.64E-06	2.0
1290	0.00022098	2.66E-06	2.0
1300	0.00022022	2.68E-06	2.0
1310	0.00021946	2.69E-06	2.0
1320	0.00021871	2.71E-06	2.0
1330	0.00021796	2.73E-06	2.0
1340	0.00021721	2.74E-06	2.0
1350	0.00021646	2.76E-06	2.0
1360	0.00021571	2.77E-06	2.0
1370	0.00021497	2.78E-06	2.0
1380	0.00021423	2.80E-06	2.0
1390	0.00021349	2.81E-06	2.0
1400	0.00021276	2.82E-06	2.0
1410	0.00021203	2.84E-06	2.0
1420	0.0002113	2.85E-06	2.0
1430	0.00021057	2.86E-06	2.0
1440	0.00020985	2.87E-06	2.0
1450	0.00020913	2.88E-06	2.0
1460	0.00020841	2.89E-06	2.0
1470	0.00020769	2.91E-06	2.0
1480	0.00020697	2.92E-06	2.0
1490	0.00020626	2.93E-06	2.0
1500	0.00020555	2.94E-06	2.0
1510	0.00020485	2.94E-06	2.0
1520	0.00020414	2.95E-06	2.0
1530	0.00020344	2.96E-06	2.0
1540	0.00020274	2.97E-06	2.0
1550	0.00020204	2.98E-06	2.0
1560	0.00020135	2.99E-06	2.0
1570	0.00020065	2.99E-06	2.0
1580	0.00019996	3.00E-06	2.0
1590	0.00019927	3.01E-06	2.0
1600	0.00019859	3.02E-06	2.0
1610	0.00019791	3.02E-06	2.0
1620	0.00019722	3.03E-06	2.0
1630	0.00019655	3.03E-06	2.0
1640	0.00019587	3.04E-06	2.0
1650	0.0001952	3.05E-06	2.0
1660	0.00019452	3.05E-06	2.0
1670	0.00019385	3.06E-06	2.0
1680	0.00019319	3.06E-06	2.0
1690	0.00019252	3.07E-06	2.0
1700	0.00019186	3.07E-06	2.0
1710	0.0001912	3.07E-06	2.0
1720	0.00019054	3.08E-06	2.0
1730	0.00018989	3.08E-06	2.0
1740	0.00018923	3.08E-06	2.0
1750	0.00018858	3.09E-06	2.0
1760	0.00018793	3.09E-06	2.0
1770	0.00018729	3.09E-06	2.0
1780	0.00018664	3.09E-06	2.0
1790	0.000186	3.10E-06	2.0
1800	0.00018536	3.10E-06	2.0
1810	0.00018472	3.10E-06	2.0
1820	0.00018409	3.10E-06	2.0
1830	0.00018345	3.10E-06	2.0
1840	0.00018282	3.10E-06	2.0
1850	0.00018219	3.10E-06	2.0
1860	0.00018157	3.11E-06	2.0
1870	0.00018094	3.11E-06	2.0
1880	0.00018032	3.11E-06	2.0
1890	0.0001797	3.11E-06	2.0
1900	0.00017908	3.11E-06	2.0
1910	0.00017846	3.11E-06	2.0
1920	0.00017785	3.11E-06	2.0
1930	0.00017724	3.11E-06	2.0
1940	0.00017663	3.10E-06	2.0
1950	0.00017602	3.10E-06	2.0
1960	0.00017541	3.10E-06	2.0
1970	0.00017481	3.10E-06	2.0
1980	0.00017421	3.10E-06	2.0
1990	0.00017361	3.10E-06	2.0
2000	0.00017301	3.10E-06	2.0
2010	0.00017242	3.09E-06	2.0
2020	0.00017182	3.09E-06	2.0
2030	0.00017123	3.09E-06	2.0
2040	0.00017064	3.09E-06	2.0
2050	0.00017006	3.09E-06	2.0
2060	0.00016947	3.08E-06	2.0
2070	0.00016889	3.08E-06	2.0
2080	0.00016831	3.08E-06	2.0
2090	0.00016773	3.07E-06	2.0
2100	0.00016715	3.07E-06	2.0
2110	0.00016657	3.07E-06	2.0
2120	0.000166	3.06E-06	2.0
2130	0.00016543	3.06E-06	2.0
2140	0.00016486	3.06E-06	2.0
2150	0.00016429	3.05E-06	2.0
2160	0.00016373	3.05E-06	2.0
2170	0.00016316	3.05E-06	2.0
2180	0.0001626	3.04E-06	2.0
2190	0.00016204	3.04E-06	2.0
2200	0.00016149	3.03E-06	2.0
2210	0.00016093	3.03E-06	2.0
2220	0.00016038	3.02E-06	2.0
2230	0.00015982	3.02E-06	2.0
2240	0.00015927	3.01E-06	2.0
2250	0.00015873	3.01E-06	2.0
2260	0.00015818	3.00E-06	2.0
2270	0.00015763	3.00E-06	2.0
2280	0.00015709	2.99E-06	2.0
2290	0.00015655	2.99E-06	2.0
2300	0.00015601	2.98E-06	2.0
2310	0.00015548	2.98E-06	2.0
2320	0.00015494	2.97E-06	2.0
2330	0.00015441	2.97E-06	2.0
2340	0.00015388	2.96E-06	2.0
2350	0.00015335	2.95E-06	2.0
2360	0.00015282	2.95E-06	2.0
2370	0.00015229	2.94E-06	2.0
2380	0.00015177	2.94E-06	2.0
2390	0.00015125	2.93E-06	2.0
2400	0.00015073	2.92E-06	2.0
2410	0.00015021	2.92E-06	2.0
2420	0.00014969	2.91E-06	2.0
2430	0.00014917	2.90E-06	2.0
2440	0.00014866	2.90E-06	1.9
2450	0.00014815	2.89E-06	2.0
2460	0.00014764	2.88E-06	2.0
2470	0.00014713	2.88E-06	2.0
2480	0.00014662	2.87E-06	2.0
2490	0.00014612	2.86E-06	2.0
2500	0.00014562	2.86E-06	2.0
2510	0.00014512	2.85E-06	2.0
2520	0.00014462	2.84E-06	2.0
2530	0.00014412	2.84E-06	2.0
2540	0.00014362	2.83E-06	2.0
2550	0.00014313	2.82E-06	2.0
2560	0.00014264	2.81E-06	2.0
2570	0.00014214	2.81E-06	2.0
2580	0.00014166	2.80E-06	1.9
2590	0.00014117	2.79E-06	2.0
2600	0.00014068	2.78E-06	2.0
2610	0.0001402	2.78E-06	1.9
2620	0.00013972	2.77E-06	2.0
2630	0.00013923	2.76E-06	2.0
2640	0.00013875	2.75E-06	1.9
2650	0.00013828	2.75E-06	2.0
2660	0.0001378	2.74E-06	2.0
2670	0.00013733	2.73E-06	2.0
2680	0.00013685	2.72E-06	2.0
2690	0.00013638	2.71E-06	2.0
2700	0.00013591	2.71E-06	2.0
2710	0.00013545	2.70E-06	1.9
2720	0.00013498	2.69E-06	2.0
2730	0.00013451	2.68E-06	2.0
2740	0.00013405	2.67E-06	2.0
2750	0.00013359	2.66E-06	2.0
2760	0.000146	0.00025		1.4
2770	0.00023		0.00038		1.5
2780	0.000362	0.000577	1.5
2790	0.000566	0.000856	1.6
2800	0.000874	0.00124		1.7
2810	0.00133		0.00174		1.8
2820	0.00199		0.00235		1.9
2830	0.0029		0.00305		2
2840	0.00411		0.00377		1.9
2850	0.00559		0.00439		1.8
2860	0.00726		0.00478		1.7
2870	0.00892		0.004884	1.6
2880	0.01028		0.00478		1.6
2890	0.01102		0.00477		1.7
