10	0.0052398	0.000201	1.8	0.0052439	0.000201	1.8	0.0052362	0.000203	1.8
20	0.0030549	0.0000996	1.8	0.0030571	1.00E-04	1.8	0.0030529	1.00E-04	1.8
30	0.00222		0.0000984	1.8	0.0022215	9.89E-05	1.8	0.0022186	9.87E-05	1.9
40	0.001766	0.000098	1.8	0.001767	9.84E-05	1.8	0.001765	9.80E-05	1.9
50	0.001477	0.0000956	1.8	0.001478	9.59E-05	1.8	0.001476	9.56E-05	1.9
60	0.001275	0.0000924	1.9	0.001276	9.26E-05	1.9	0.001274	9.23E-05	1.9
70	0.001125	0.0000889	1.9	0.001126	8.91E-05	1.9	0.001124	8.88E-05	1.9
80	0.001009	0.0000854	1.9	0.001009	8.56E-05	1.9	0.001008	8.53E-05	1.9
90	0.0009157	0.0000821	1.9	0.0009162	8.23E-05	1.9	0.0009152	8.20E-05	1.9
100	0.0008395	0.0000789	1.9	0.00084		7.91E-05	1.9	0.000839	7.89E-05	1.9
110	0.0007757	0.000076	1.9	0.0007762	7.62E-05	1.9	0.0007753	7.59E-05	1.9
120	0.0007215	0.0000733	1.9	0.0007219	7.34E-05	1.9	0.0007212	7.32E-05	1.9
130	0.0006749	0.0000707	1.9	0.0006752	7.09E-05	1.9	0.0006745	7.06E-05	1.9
140	0.0006342	0.0000683	1.9	0.0006345	6.85E-05	1.9	0.0006339	6.83E-05	1.9
150	0.0005984	0.0000661	1.9	0.0005987	6.62E-05	1.9	0.0005981	6.60E-05	1.9
160	0.00058533	1.39E-05	2	0.00058708	1.48E-05	1.9	0.00058384	1.77E-05	1.9
170	0.00058153	1.31E-05	2	0.00058325	1.40E-05	1.9	0.00058005	1.70E-05	1.9
180	0.00057775	1.24E-05	2	0.00057944	1.33E-05	1.9	0.00057629	1.64E-05	1.9
190	0.00057399	1.17E-05	2	0.00057567	1.26E-05	1.9	0.00057256	1.57E-05	1.9
200	0.00057027	1.10E-05	2	0.00057192	1.20E-05	1.9	0.00056885	1.52E-05	1.9
210	0.00056657	1.04E-05	2	0.00056819	1.14E-05	1.9	0.00056516	1.46E-05	1.9
220	0.00056289	9.89E-06	2	0.00056449	1.09E-05	1.9	0.00056151	1.42E-05	1.9
230	0.00055924	9.37E-06	2	0.00056082	1.04E-05	1.9	0.00055787	1.37E-05	1.9
240	0.00055561	8.89E-06	2	0.00055717	9.91E-06	1.9	0.00055426	1.33E-05	1.9
250	0.00055201	8.44E-06	2	0.00055355	9.48E-06	1.9	0.00055068	1.29E-05	1.9
260	0.00054843	8.03E-06	2	0.00054995	9.09E-06	1.9	0.00054712	1.25E-05	1.9
270	0.00054488	7.64E-06	2	0.00054637	8.72E-06	1.9	0.00054358	1.21E-05	1.9
280	0.00054135	7.29E-06	2	0.00054282	8.38E-06	1.8	0.00054007	1.18E-05	1.8
290	0.00053784	6.96E-06	2	0.00053929	8.07E-06	1.8	0.00053657	1.15E-05	1.8
300	0.00053435	6.66E-06	2	0.00053578	7.78E-06	1.8	0.00053311	1.12E-05	1.8
310	0.00053089	6.39E-06	2	0.0005323	7.52E-06	1.8	0.00052966	1.10E-05	1.8
320	0.00052745	6.14E-06	2	0.00052884	7.28E-06	1.8	0.00052624	1.07E-05	1.8
330	0.00052404	5.92E-06	2	0.0005254	7.06E-06	1.7	0.00052284	1.05E-05	1.8
340	0.00052064	5.72E-06	2	0.00052199	6.87E-06	1.7	0.00051946	1.03E-05	1.8
350	0.00051727	5.54E-06	2	0.0005186	6.69E-06	1.7	0.00051611	1.01E-05	1.8
360	0.00051392	5.38E-06	2	0.00051523	6.53E-06	1.7	0.00051277	9.87E-06	1.8
370	0.0005106	5.25E-06	2	0.00051188	6.39E-06	1.7	0.00050946	9.70E-06	1.8
380	0.00050729	5.13E-06	2	0.00050856	6.26E-06	1.7	0.00050617	9.53E-06	1.8
390	0.00050401	5.03E-06	2	0.00050525	6.15E-06	1.6	0.0005029	9.38E-06	1.8
400	0.00050074	4.95E-06	2	0.00050197	6.05E-06	1.6	0.00049966	9.23E-06	1.8
410	0.0004975	4.88E-06	2	0.00049871	5.97E-06	1.7	0.00049643	9.09E-06	1.8
420	0.00049428	4.83E-06	2	0.00049547	5.90E-06	1.7	0.00049322	8.97E-06	1.8
430	0.00049108	4.79E-06	2	0.00049226	5.84E-06	1.7	0.00049004	8.85E-06	1.8
440	0.00048791	4.77E-06	2	0.00048906	5.79E-06	1.7	0.00048688	8.74E-06	1.8
450	0.00048475	4.75E-06	2	0.00048588	5.75E-06	1.7	0.00048373	8.63E-06	1.8
460	0.00048161	4.74E-06	2	0.00048273	5.72E-06	1.7	0.00048061	8.54E-06	1.8
470	0.00047849	4.75E-06	2	0.00047959	5.69E-06	1.7	0.00047751	8.45E-06	1.8
480	0.0004754	4.76E-06	2	0.00047648	5.68E-06	1.8	0.00047443	8.36E-06	1.8
490	0.00047232	4.77E-06	2	0.00047339	5.67E-06	1.8	0.00047136	8.28E-06	1.8
500	0.00046926	4.80E-06	2	0.00047031	5.66E-06	1.8	0.00046832	8.21E-06	1.8
510	0.00046623	4.82E-06	2	0.00046726	5.66E-06	1.8	0.0004653	8.14E-06	1.8
520	0.00046321	4.85E-06	2	0.00046422	5.66E-06	1.8	0.00046229	8.07E-06	1.8
530	0.00046021	4.89E-06	2	0.00046121	5.67E-06	1.8	0.00045931	8.01E-06	1.8
540	0.00045724	4.93E-06	2	0.00045822	5.68E-06	1.8	0.00045635	7.95E-06	1.8
550	0.00045428	4.97E-06	2	0.00045524	5.69E-06	1.9	0.0004534	7.89E-06	1.9
560	0.00045134	5.01E-06	2	0.00045229	5.71E-06	1.9	0.00045047	7.84E-06	1.9
570	0.00044842	5.05E-06	2	0.00044935	5.72E-06	1.9	0.00044757	7.79E-06	1.9
580	0.00044552	5.09E-06	2	0.00044643	5.74E-06	1.9	0.00044468	7.74E-06	1.9
590	0.00044263	5.13E-06	2	0.00044353	5.76E-06	1.9	0.00044181	7.70E-06	1.9
600	0.00043977	5.18E-06	2	0.00044065	5.78E-06	1.9	0.00043896	7.65E-06	1.9
610	0.00043692	5.22E-06	2	0.00043779	5.80E-06	1.9	0.00043612	7.61E-06	1.9
620	0.0004341	5.26E-06	2	0.00043495	5.82E-06	1.9	0.00043331	7.57E-06	1.9
630	0.00043129	5.31E-06	2	0.00043213	5.84E-06	1.9	0.00043051	7.53E-06	1.9
640	0.0004285	5.35E-06	2	0.00042932	5.87E-06	1.9	0.00042773	7.50E-06	1.9
650	0.00042573	5.39E-06	2	0.00042654	5.89E-06	1.9	0.00042497	7.46E-06	1.9
660	0.00042297	5.43E-06	2	0.00042377	5.91E-06	1.9	0.00042223	7.43E-06	1.9
670	0.00042024	5.47E-06	2	0.00042102	5.93E-06	1.9	0.00041951	7.40E-06	1.9
680	0.00041752	5.50E-06	2	0.00041828	5.95E-06	1.9	0.0004168	7.36E-06	1.9
690	0.00041482	5.54E-06	2	0.00041557	5.97E-06	1.9	0.00041411	7.33E-06	1.9
700	0.00041213	5.58E-06	2	0.00041287	5.99E-06	1.9	0.00041144	7.30E-06	1.9
710	0.00040947	5.61E-06	2	0.00041019	6.00E-06	1.9	0.00040878	7.27E-06	1.9
720	0.00040682	5.64E-06	2	0.00040753	6.02E-06	1.9	0.00040614	7.24E-06	1.9
730	0.00040418	5.67E-06	2	0.00040488	6.04E-06	1.9	0.00040352	7.21E-06	1.9
740	0.00040157	5.70E-06	2	0.00040225	6.05E-06	1.9	0.00040092	7.18E-06	1.9
750	0.00039897	5.73E-06	2	0.00039964	6.07E-06	1.9	0.00039833	7.16E-06	1.9
760	0.00039639	5.75E-06	2	0.00039705	6.08E-06	1.9	0.00039576	7.13E-06	1.9
770	0.00039382	5.78E-06	2	0.00039447	6.09E-06	2	0.00039321	7.10E-06	1.9
780	0.00039128	5.80E-06	2	0.00039191	6.10E-06	2	0.00039067	7.07E-06	1.9
790	0.00038874	5.82E-06	2	0.00038936	6.11E-06	2	0.00038815	7.05E-06	1.9
800	0.00038623	5.84E-06	2	0.00038684	6.12E-06	2	0.00038564	7.02E-06	1.9
810	0.00038373	5.86E-06	2	0.00038432	6.13E-06	2	0.00038315	6.99E-06	1.9
820	0.00038125	5.88E-06	2	0.00038183	6.14E-06	2	0.00038068	6.96E-06	1.9
830	0.00037878	5.90E-06	2	0.00037935	6.14E-06	2	0.00037822	6.94E-06	1.9
840	0.00037633	5.91E-06	2	0.00037689	6.15E-06	2	0.00037578	6.91E-06	1.9
850	0.0003739	5.92E-06	2	0.00037444	6.15E-06	2	0.00037336	6.88E-06	1.9
860	0.00037148	5.94E-06	2	0.00037201	6.15E-06	2	0.00037095	6.86E-06	1.9
870	0.00036907	5.95E-06	2	0.00036959	6.16E-06	2	0.00036856	6.83E-06	2
880	0.00036668	5.96E-06	2	0.0003672	6.16E-06	2	0.00036618	6.80E-06	1.9
890	0.00036431	5.96E-06	2	0.00036481	6.16E-06	2	0.00036381	6.77E-06	1.9
900	0.00036195	5.97E-06	2	0.00036244	6.16E-06	2	0.00036147	6.75E-06	1.9
910	0.00035961	5.98E-06	2	0.00036009	6.15E-06	2	0.00035913	6.72E-06	2
920	0.00035729	5.98E-06	2	0.00035775	6.15E-06	2	0.00035682	6.69E-06	2
930	0.00035497	5.98E-06	2	0.00035543	6.15E-06	2	0.00035451	6.66E-06	2
940	0.00035268	5.98E-06	2	0.00035312	6.14E-06	2	0.00035222	6.64E-06	2
950	0.00035039	5.98E-06	2	0.00035083	6.13E-06	2	0.00034995	6.61E-06	2
960	0.00034813	5.98E-06	2	0.00034855	6.13E-06	2	0.00034769	6.58E-06	2
970	0.00034587	5.98E-06	2	0.00034629	6.12E-06	2	0.00034545	6.55E-06	2
980	0.00034364	5.98E-06	2	0.00034404	6.11E-06	2	0.00034322	6.52E-06	2
990	0.00034141	5.98E-06	2	0.00034181	6.10E-06	2	0.000341	6.49E-06	2
1000	0.0003392	5.97E-06	2	0.00033959	6.09E-06	2	0.0003388	6.46E-06	2
1010	0.00033701	5.96E-06	2	0.00033738	6.08E-06	2	0.00033662	6.43E-06	2
1020	0.00033483	5.96E-06	2	0.00033519	6.07E-06	2	0.00033444	6.41E-06	2
1030	0.00033266	5.95E-06	2	0.00033302	6.06E-06	2	0.00033229	6.38E-06	2
1040	0.00033051	5.94E-06	2	0.00033085	6.04E-06	2	0.00033014	6.35E-06	2
1050	0.00032837	5.93E-06	2	0.0003287	6.03E-06	2	0.00032801	6.32E-06	2
1060	0.00032624	5.92E-06	2	0.00032657	6.01E-06	2	0.00032589	6.29E-06	2
1070	0.00032413	5.91E-06	2	0.00032445	6.00E-06	2	0.00032379	6.26E-06	2
1080	0.00032204	5.90E-06	2	0.00032234	5.98E-06	2	0.0003217	6.23E-06	2
1090	0.00031995	5.88E-06	2	0.00032025	5.96E-06	2	0.00031962	6.20E-06	2
1100	0.00031788	5.87E-06	2	0.00031817	5.95E-06	2	0.00031756	6.17E-06	2
1110	0.00031582	5.86E-06	2	0.0003161	5.93E-06	2	0.00031551	6.13E-06	2
1120	0.00031378	5.84E-06	2	0.00031405	5.91E-06	2	0.00031348	6.10E-06	2
1130	0.00031175	5.83E-06	2	0.00031201	5.89E-06	2	0.00031145	6.07E-06	2
1140	0.00030973	5.81E-06	2	0.00030999	5.87E-06	2	0.00030944	6.04E-06	2
1150	0.00030773	5.79E-06	2	0.00030797	5.85E-06	2	0.00030744	6.01E-06	2
1160	0.00030574	5.77E-06	2	0.00030597	5.83E-06	2	0.00030546	5.98E-06	2
1170	0.00030376	5.76E-06	2	0.00030399	5.81E-06	2	0.00030349	5.95E-06	2
1180	0.00030179	5.74E-06	2	0.00030201	5.78E-06	2	0.00030153	5.92E-06	2
1190	0.00029984	5.72E-06	2	0.00030005	5.76E-06	2	0.00029958	5.89E-06	2
1200	0.0002979	5.70E-06	2	0.0002981	5.74E-06	2	0.00029765	5.85E-06	2
1210	0.00029597	5.67E-06	2	0.00029617	5.72E-06	2	0.00029573	5.82E-06	2
1220	0.00029405	5.65E-06	2	0.00029424	5.69E-06	2	0.00029382	5.79E-06	2
1230	0.00029215	5.63E-06	2	0.00029233	5.67E-06	2	0.00029192	5.76E-06	2
1240	0.00029026	5.61E-06	2	0.00029044	5.64E-06	2	0.00029004	5.73E-06	2
1250	0.00028838	5.59E-06	2	0.00028855	5.62E-06	2	0.00028817	5.69E-06	2
1260	0.00028652	5.56E-06	2	0.00028668	5.59E-06	2	0.00028631	5.66E-06	2
1270	0.00028466	5.54E-06	2	0.00028481	5.57E-06	2	0.00028446	5.63E-06	2
1280	0.00028282	5.51E-06	2	0.00028296	5.54E-06	2	0.00028262	5.60E-06	2
1290	0.00028099	5.49E-06	2	0.00028113	5.51E-06	2	0.0002808	5.57E-06	2
1300	0.00027917	5.46E-06	2	0.0002793	5.49E-06	2	0.00027899	5.53E-06	2
1310	0.00027736	5.44E-06	2	0.00027749	5.46E-06	2	0.00027719	5.50E-06	2
1320	0.00027557	5.41E-06	2	0.00027569	5.43E-06	2	0.0002754	5.47E-06	2
1330	0.00027378	5.39E-06	2	0.0002739	5.40E-06	2	0.00027362	5.44E-06	2
1340	0.00027201	5.36E-06	2	0.00027212	5.38E-06	2	0.00027185	5.41E-06	2
1350	0.00027025	5.33E-06	2	0.00027035	5.35E-06	2	0.0002701	5.37E-06	2
1360	0.0002685	5.31E-06	2	0.00026859	5.32E-06	2	0.00026835	5.34E-06	2
1370	0.00026676	5.28E-06	2	0.00026685	5.29E-06	2	0.00026662	5.31E-06	2
1380	0.00026504	5.25E-06	2	0.00026512	5.26E-06	2	0.0002649	5.28E-06	2
1390	0.00026332	5.22E-06	2	0.00026339	5.23E-06	2	0.00026319	5.25E-06	2
1400	0.00026162	5.19E-06	2	0.00026168	5.20E-06	2	0.00026149	5.21E-06	2
1410	0.00025992	5.17E-06	2	0.00025998	5.17E-06	2	0.0002598	5.18E-06	2
1420	0.00025824	5.14E-06	2	0.0002583	5.14E-06	2	0.00025813	5.15E-06	2
1430	0.00025657	5.11E-06	2	0.00025662	5.11E-06	2	0.00025646	5.12E-06	2
1440	0.00025491	5.08E-06	2	0.00025495	5.08E-06	2	0.00054		0.0028		0.91
1450	0.00025326	5.05E-06	2	0.0002533	5.05E-06	2	0.00125		0.00482		1.6
1460	0.00025162	5.02E-06	2	0.00046		0.00083		1.9	0.00248		0.00725		2.1
1470	0.00048		0.0023		0.82	0.00123		0.00218		1.9	0.00413		0.0096		2
1480	0.00119		0.00395		1.4	0.00307		0.00524		1.9	0.00582		0.0114		1.8
1490	0.00266		0.00632		2	0.0066		0.0101		1.7	0.00711		0.0124		1.7
1500	0.0053		0.00917		2	0.0104		0.0128		1.4	0.00784		0.0128		1.6
1510	0.00918		0.0118		1.7	0.0115		0.0124		1.5	0.00815		0.013		1.6
