10;2.61e-241;NaN; Inf
20;8.91e-210;NaN; Inf
30;2.18e-191;NaN; Inf
40;2.34e-178;NaN;  Inf
50;2.96e-168;NaN;  Inf
60;5.26e-160;7.06e-160;  1.8
70;4.94e-153;6.63e-153;  1.8
80;5.41e-147;7.26e-147;  1.8
90;1.15e-141;1.54e-141;  1.8
100;6.65e-137;8.92e-137; 1.8
110;1.36e-132;1.82e-132;  1.8
120;1.16e-128;1.56e-128;  1.8
130;4.83e-125;6.46e-125;  1.8
140;1.08e-121;1.45e-121;  1.8
150;1.42e-118;1.9e-118;  1.8
160;1.17e-115;1.57e-115;  1.8
170;6.43e-113;8.61e-113;  1.8
180;2.46e-110;3.3e-110;  1.8
190;6.83e-108;9.15e-108;  1.8
200;1.42e-105;1.9e-105;  1.8
210;2.28e-103;3.05e-103; 1.8
220;2.88e-101;3.85e-101;  1.8
230;2.94e-99;3.93e-99; 1.8
240;2.46e-97;3.29e-97;1.8
250;1.72e-95;2.3e-95;1.8
260;1.02e-93;1.36e-93;1.8
270;5.16e-92;6.91e-92;1.8
280;2.27e-90;3.04e-90;1.8
290;8.74e-89;1.17e-88;1.8
300;2.97e-87;3.98e-87;1.8
310;9.01e-86;1.21e-85;1.8
320;2.45e-84;3.28e-84;1.8
330;6.02e-83;8.05e-83;1.8
340;1.34e-81;1.8e-81;1.8
350;2.74e-80;3.67e-80;1.8
360;5.14e-79;6.87e-79;1.8
370;8.88e-78;1.19e-77;1.8
380;1.42e-76;1.9e-76;1.8
390;2.12e-75;2.84e-75;1.8
400;2.96e-74;3.95e-74;1.8
410;3.86e-73;5.16e-73;1.8
420;4.73e-72;6.33e-72;1.8
430;5.47e-71;7.32e-71;1.8
440;5.98e-70;8e-70;1.8
450;6.19e-69;8.28e-69;1.8
460;6.09e-68;8.15e-68;1.8
470;5.71e-67;7.63e-67;1.8
480;5.1e-66;6.82e-66;1.8
490;4.35e-65;5.82e-65;1.8
500;3.56e-64;4.76e-64;1.8
510;2.79e-63;3.74e-63;1.8
520;2.11e-62;2.82e-62;1.8
530;1.53e-61;2.04e-61;1.8
540;1.07e-60;1.43e-60;1.8
550;7.2e-60;9.63e-60;1.8
560;4.69e-59;6.27e-59;1.8
570;2.96e-58;3.95e-58;1.8
590;1.8e-57;2.41e-57;1.8
610;-8e-04;1;  2
620;1.86e-54;2.48e-54;1.8
630;9.82e-54;1.31e-53;1.8
640;5.05e-53;6.75e-53;1.8
650;2.53e-52;3.39e-52;1.8
660;1.24e-51;1.66e-51;1.8
670;5.92e-51;7.92e-51;1.8
680;2.77e-50;3.7e-50;1.8
690;1.26e-49;1.69e-49;1.8
700;5.64e-49;7.54e-49;1.8
710;2.47e-48;3.3e-48;1.8
720;1.06e-47;1.41e-47;1.8
730;4.44e-47;5.93e-47;1.8
740;1.83e-46;2.44e-46;1.8
750;7.38e-46;9.86e-46;1.8
760;2.93e-45;3.91e-45;1.8
770;1.14e-44;1.52e-44;1.8
780;4.36e-44;5.83e-44;1.8
790;1.64e-43;2.19e-43;1.8
800;6.07e-43;8.12e-43;1.8
810;2.21e-42;2.96e-42;1.8
820;7.92e-42;1.06e-41;1.8
830;2.79e-41;3.74e-41;1.8
840;9.71e-41;1.3e-40;1.8
850;3.33e-40;4.45e-40;1.8
860;1.12e-39;1.5e-39;1.8
870;3.74e-39;4.99e-39;1.8
880;1.23e-38;1.64e-38;1.8
890;3.97e-38;5.31e-38;1.8
900;1.27e-37;1.7e-37;1.8
910;4.01e-37;5.36e-37;1.8
920;1.25e-36;1.67e-36;1.8
930;3.85e-36;5.14e-36;1.8
940;1.17e-35;1.56e-35;1.8
950;3.52e-35;4.7e-35;1.8
960;1.04e-34;1.4e-34;1.8
970;3.07e-34;4.1e-34;1.8
980;8.92e-34;1.19e-33;1.8
990;2.57e-33;3.43e-33;1.8
1000;7.3e-33;9.75e-33;1.8
1010;2.05e-32;2.75e-32;1.8
1020;5.72e-32;7.65e-32;1.8
1030;1.58e-31;2.11e-31;1.8
1040;4.31e-31;5.76e-31;1.8
1050;1.17e-30;1.56e-30;1.8
1060;3.13e-30;4.18e-30;1.8
1070;8.3e-30;1.11e-29;1.8
1080;2.19e-29;2.92e-29;1.8
1090;5.7e-29;7.62e-29;1.8
1100;1.47e-28;1.97e-28;1.8
1110;3.78e-28;5.05e-28;1.8
1120;9.6e-28;1.28e-27;1.8
1130;2.42e-27;3.23e-27;1.8
1140;6.05e-27;8.09e-27;1.8
1150;1.5e-26;2.01e-26;1.8
1160;3.69e-26;4.94e-26;1.8
1170;9.02e-26;1.21e-25;1.8
1180;2.19e-25;2.92e-25;1.8
1190;5.26e-25;7.03e-25;1.8
1200;1.26e-24;1.68e-24;1.8
1210;2.98e-24;3.98e-24;1.8
1220;7e-24;9.36e-24;1.8
1230;1.64e-23;2.19e-23;1.8
1240;3.8e-23;5.08e-23;1.8
1250;8.76e-23;1.17e-22;1.8
1260;2.01e-22;2.68e-22;1.8
1270;4.57e-22;6.1e-22;1.8
1280;1.03e-21;1.38e-21;1.8
1290;2.32e-21;3.1e-21;1.8
1300;5.18e-21;6.92e-21;1.8
1310;1.15e-20;1.54e-20;1.8
1320;2.53e-20;3.39e-20;1.8
1330;5.56e-20;7.43e-20;1.8
1340;1.21e-19;1.62e-19;1.8
1350;2.62e-19;3.51e-19;1.8
1360;5.65e-19;7.56e-19;1.8
1370;1.21e-18;1.62e-18;1.8
1380;2.58e-18;3.45e-18;1.8
1390;5.47e-18;7.31e-18;1.8
1400;1.15e-17;1.54e-17;1.8
1410;2.42e-17;3.23e-17;1.8
1420;5.04e-17;6.74e-17;1.8
1430;1.05e-16;1.4e-16;1.8
1440;2.16e-16;2.88e-16;1.8
1450;4.43e-16;5.93e-16;1.8
1460;9.06e-16;1.21e-15;1.8
1470;1.84e-15;2.46e-15;1.8
1480;3.73e-15;4.99e-15;1.8
1490;7.51e-15;1e-14;1.8
1500;1.51e-14;2.01e-14;1.8
1510;3.01e-14;4.02e-14;1.8
1520;5.97e-14;7.99e-14;1.8
1530;1.18e-13;1.58e-13;1.8
1540;2.33e-13;3.11e-13;1.8
1550;4.56e-13;6.1e-13;1.8
1560;8.9e-13;1.19e-12;1.8
1570;1.73e-12;2.31e-12;1.8
1580;3.35e-12;4.48e-12;1.8
1590;6.46e-12;8.63e-12;1.8
1600;1.24e-11;1.66e-11;1.8
1610;2.37e-11;3.17e-11;1.8
1620;4.51e-11;6.03e-11;1.8
1630;8.56e-11;1.14e-10;1.8
1640;1.62e-10;2.16e-10;1.8
1650;3.04e-10;4.07e-10;1.8
1660;5.7e-10;7.62e-10;1.8
1670;1.07e-09;1.42e-09;1.8
1680;1.98e-09;2.65e-09;1.8
1690;3.67e-09;4.91e-09;1.8
1700;6.79e-09;9.07e-09;1.8
1710;1.25e-08;1.67e-08;1.8
1720;2.29e-08;3.06e-08;1.8
1730;4.19e-08;5.59e-08;1.8
1740;7.62e-08;1.02e-07;1.8
1750;1.38e-07;1.85e-07;1.8
1760;2.5e-07;3.34e-07;1.8
1770;4.51e-07;6.03e-07;1.8
1780;8.1e-07;1.08e-06;1.8
1790;1.45e-06;1.94e-06;1.8
1800;2.59e-06;3.46e-06;1.8
1810;4.61e-06;6.16e-06;1.8
1820;8.17e-06;1.09e-05;1.8
1830;1.44e-05;1.93e-05;1.8
1840;2.54e-05;3.4e-05;1.8
1850;4.47e-05;5.96e-05;1.8
1860;7.81e-05;0.000104;1.8
1870;0.000136;0.000181;1.8
1880;0.000236;0.000313;1.8
1890;0.000406;0.000536;1.8
1900;0.000692;0.000907;1.8
1910;0.00116;0.00151;1.8
1920;0.00192;0.00242;1.8
1930;0.00305;0.0037;1.7
1940;0.00461;0.00523;1.6
1950;0.00646;0.00654;1.5
1960;0.00816;0.006983;1.4
1970;0.00916;0.006565;1.4
1980;0.0094;0.006269;1.4
1990;0.00928;0.006376;1.5
2000;0.00902;0.006638;1.5