dResistorFixed dResistorFixed+ dResistorFixed- dResistorVariable dResistorVariable+ dResistorVariable- dIntegratedCircuit dIntegratedCircuit+ dIntegratedCircuit- 
snumbered 
p1
Variables
-2e-005 0.01234 -0.01242 0.16677 0.34436 0.32272 0.16652 0.34386 0.32222 
-2e-005 0.01046 -0.01054 0.16676 0.34268 0.32436 0.16654 0.34224 0.32392 
-3e-005 0.01386 -0.01398 0.16672 0.34556 0.32132 0.16649 0.34516 0.3208 
-4e-005 0.01728 -0.01744 0.16672 0.34856 0.31832 0.16653 0.34832 0.3178 
-7e-005 0.02006 -0.02034 0.1667 0.35104 0.31576 0.1665 0.3508 0.3152 
-8e-005 0.02184 -0.02216 0.1667 0.35266 0.31414 0.1665 0.35226 0.31374 
-9e-005 0.02402 -0.02438 0.1667 0.3544 0.3124 0.1664 0.3538 0.3118 
-0.0001 0.0256 -0.026 0.1667 0.356 0.3108 0.1665 0.3556 0.3104 
-0.0001 0.027 -0.0274 0.1667 0.3572 0.3096 0.1665 0.3568 0.3092 
-0.0001 0.0284 -0.0288 0.1667 0.3584 0.3084 0.1665 0.358 0.308 
-0.0001 0.0296 -0.03 0.1666 0.3592 0.3072 0.1665 0.359 0.307 
-0.0001 0.0306 -0.031 0.1666 0.3602 0.3062 0.1665 0.36 0.306 
-0.0002 0.0314 -0.0322 0.1666 0.361 0.3054 0.1664 0.3606 0.305 
-0.0001 0.0326 -0.033 0.1666 0.3618 0.3046 0.1665 0.3616 0.3044 
-0.0001 0.0334 -0.0338 0.1666 0.3626 0.3038 0.1665 0.3624 0.3036 
-1e-005 0.00844 -0.00848 0.16712 0.3417 0.32678 0.16621 0.33976 0.32508 
-1e-005 0.00812 -0.00816 0.1671 0.3414 0.327 0.16619 0.33942 0.32534 
-9e-006 0.007862 -0.007898 0.1671 0.34114 0.32726 0.16621 0.33922 0.32562 
-8e-006 0.007544 -0.007576 0.16712 0.3409 0.32758 0.16622 0.33896 0.32592 
-1e-005 0.0073 -0.00734 0.16711 0.34068 0.32776 0.1662 0.3387 0.3261 
-1e-005 0.007 -0.00704 0.16709 0.3404 0.32796 0.16621 0.33848 0.32636 
-1e-005 0.0068 -0.00684 0.1671 0.34026 0.32814 0.16622 0.33832 0.32656 
-1e-005 0.0066 -0.00664 0.16709 0.34004 0.32832 0.16622 0.33812 0.32676 
-9e-006 0.006382 -0.006418 0.16709 0.33986 0.3285 0.16622 0.33796 0.32692 
-9e-006 0.006222 -0.006258 0.16709 0.33972 0.32864 0.16623 0.33782 0.3271 
-9e-006 0.006042 -0.006078 0.16709 0.33958 0.32878 0.16623 0.33768 0.32724 
-8e-006 0.005864 -0.005896 0.16709 0.3394 0.32896 0.16623 0.3375 0.32742 
-9e-006 0.006042 -0.006078 0.16708 0.33954 0.32878 0.16624 0.33768 0.32728 
-8e-006 0.005904 -0.005936 0.16708 0.33944 0.32888 0.16624 0.33756 0.3274 
-8e-006 0.005764 -0.005796 0.16708 0.33932 0.329 0.16624 0.33744 0.32752 
-8e-006 0.005664 -0.005696 0.16707 0.3392 0.32908 0.16625 0.33738 0.32762 
-8e-006 0.005564 -0.005596 0.16707 0.33912 0.32916 0.16625 0.33726 0.32774 
-8e-006 0.005564 -0.005596 0.16707 0.3391 0.32918 0.16625 0.33728 0.32772 
-8e-006 0.005464 -0.005496 0.16706 0.339 0.32924 0.16625 0.3372 0.3278 
-8e-006 0.005404 -0.005436 0.16706 0.33894 0.3293 0.16626 0.33718 0.32786 
-8e-006 0.005304 -0.005336 0.16706 0.33884 0.3294 0.16626 0.33708 0.32796 
-8e-006 0.005244 -0.005276 0.16705 0.33876 0.32944 0.16626 0.33702 0.32802 
-7e-006 0.005186 -0.005214 0.16705 0.33872 0.32948 0.16627 0.337 0.32808 
-8e-006 0.005224 -0.005256 0.16705 0.33874 0.32946 0.16627 0.33704 0.32804 
-8e-006 0.005164 -0.005196 0.16704 0.3387 0.32946 0.16628 0.33702 0.3281 
-7e-006 0.005046 -0.005074 0.16704 0.3386 0.32956 0.16628 0.3369 0.32822 
-7e-006 0.004986 -0.005014 0.16704 0.33854 0.32962 0.16628 0.33686 0.32826 
-7e-006 0.004986 -0.005014 0.16704 0.33852 0.32964 0.16628 0.33684 0.32828 
-7e-006 0.004966 -0.004994 0.16703 0.33848 0.32964 0.16629 0.33684 0.32832 
-7e-006 0.004946 -0.004974 0.16703 0.33846 0.32966 0.16629 0.33682 0.32834 
-7e-006 0.004926 -0.004954 0.16703 0.33846 0.32966 0.16629 0.33682 0.32834 
-7e-006 0.004906 -0.004934 0.16702 0.33842 0.32966 0.1663 0.33682 0.32838 
-7e-006 0.004806 -0.004834 0.16702 0.33834 0.32974 0.1663 0.33674 0.32846 
-7e-006 0.004806 -0.004834 0.16702 0.33834 0.32974 0.1663 0.33672 0.32848 
-7e-006 0.004806 -0.004834 0.16701 0.33832 0.32972 0.16631 0.33676 0.32848 
-7e-006 0.004806 -0.004834 0.16701 0.33832 0.32972 0.16631 0.33676 0.32848 
-7e-006 0.004806 -0.004834 0.16701 0.33832 0.32972 0.16632 0.33678 0.3285 
-7e-006 0.004826 -0.004854 0.167 0.3383 0.3297 0.16632 0.3368 0.32848 
-7e-006 0.004826 -0.004854 0.167 0.33832 0.32968 0.16632 0.3368 0.32848 
-7e-006 0.004586 -0.004614 0.167 0.3381 0.3299 0.16633 0.33662 0.3287 
-7e-006 0.004606 -0.004634 0.167 0.3381 0.3299 0.16633 0.33662 0.3287 
-7e-006 0.004626 -0.004654 0.16699 0.3381 0.32986 0.16633 0.33664 0.32868 
-7e-006 0.004646 -0.004674 0.16699 0.3381 0.32986 0.16634 0.33668 0.32868 
-7e-006 0.004646 -0.004674 0.16698 0.3381 0.32982 0.16634 0.3367 0.32866 
-7e-006 0.004666 -0.004694 0.16698 0.33812 0.3298 0.16634 0.33672 0.32864 
-7e-006 0.004686 -0.004714 0.16698 0.33814 0.32978 0.16635 0.33676 0.32864 
-7e-006 0.004706 -0.004734 0.16697 0.33812 0.32976 0.16635 0.33678 0.32862 
-7e-006 0.004726 -0.004754 0.16697 0.33814 0.32974 0.16635 0.3368 0.3286 
-8e-006 0.004764 -0.004796 0.16697 0.33818 0.3297 0.16635 0.33682 0.32858 
-8e-006 0.004784 -0.004816 0.16697 0.33818 0.3297 0.16636 0.33686 0.32858 
-8e-006 0.004804 -0.004836 0.16696 0.33818 0.32966 0.16636 0.33688 0.32856 
-8e-006 0.004844 -0.004876 0.16696 0.3382 0.32964 0.16636 0.3369 0.32854 
-8e-006 0.004864 -0.004896 0.16695 0.3382 0.3296 0.16637 0.33694 0.32854 
-8e-006 0.004884 -0.004916 0.16695 0.33822 0.32958 0.16637 0.33698 0.3285 
-8e-006 0.004904 -0.004936 0.16695 0.33824 0.32956 0.16637 0.337 0.32848 
-4e-006 0.004952 -0.004968 0.16695 0.33826 0.32954 0.16638 0.33704 0.32848 
-4e-006 0.004972 -0.004988 0.16695 0.3383 0.3295 0.16638 0.33706 0.32846 
-4e-006 0.004992 -0.005008 0.16694 0.3383 0.32946 0.16638 0.3371 0.32842 
-4e-006 0.005012 -0.005028 0.16694 0.33832 0.32944 0.16639 0.33714 0.32842 
-4e-006 0.005052 -0.005068 0.16694 0.33834 0.32942 0.16639 0.33716 0.3284 
-4e-006 0.005072 -0.005088 0.16693 0.33834 0.32938 0.16639 0.33718 0.32838 
-4e-006 0.004992 -0.005008 0.16693 0.33828 0.32944 0.1664 0.33712 0.32848 
-4e-006 0.005012 -0.005028 0.16693 0.3383 0.32942 0.1664 0.33714 0.32846 
-4e-006 0.005052 -0.005068 0.16692 0.3383 0.32938 0.1664 0.33716 0.32844 
-4e-006 0.005072 -0.005088 0.16692 0.33832 0.32936 0.1664 0.33718 0.32842 
-4e-006 0.005092 -0.005108 0.16692 0.33834 0.32934 0.16641 0.33724 0.3284 
-4e-006 0.005112 -0.005128 0.16691 0.33834 0.3293 0.16641 0.33726 0.32838 
-4e-006 0.005132 -0.005148 0.16691 0.33836 0.32928 0.16641 0.33728 0.32836 
-4e-006 0.005152 -0.005168 0.16691 0.33838 0.32926 0.16642 0.33732 0.32836 
-4e-006 0.005172 -0.005188 0.1669 0.33838 0.32922 0.16642 0.33734 0.32834 
-4e-006 0.005212 -0.005228 0.1669 0.3384 0.3292 0.16643 0.33738 0.32834 
-4e-006 0.005092 -0.005108 0.1669 0.33828 0.32932 0.16643 0.33728 0.32844 
-4e-006 0.005252 -0.005268 0.16689 0.33842 0.32914 0.16643 0.33742 0.3283 
-4e-006 0.005272 -0.005288 0.16689 0.33844 0.32912 0.16643 0.33744 0.32828 
-4e-006 0.005292 -0.005308 0.16689 0.33846 0.3291 0.16644 0.33748 0.32828 
-4e-006 0.005172 -0.005188 0.16689 0.33832 0.32924 0.16644 0.33738 0.32838 
-4e-006 0.005192 -0.005208 0.16688 0.33832 0.3292 0.16645 0.33742 0.32838 
-4e-006 0.005212 -0.005228 0.16688 0.33834 0.32918 0.16645 0.33744 0.32836 
-4e-006 0.005232 -0.005248 0.16688 0.33836 0.32916 0.16645 0.33746 0.32834 
-4e-006 0.005252 -0.005268 0.16687 0.33834 0.32914 0.16645 0.33748 0.32832 
-4e-006 0.005272 -0.005288 0.16687 0.33836 0.32912 0.16646 0.33752 0.32832 
-4e-006 0.005292 -0.005308 0.16687 0.33838 0.3291 0.16646 0.33752 0.32832 
-4e-006 0.005292 -0.005308 0.16686 0.33838 0.32906 0.16646 0.33754 0.3283 
-4e-006 0.005332 -0.005348 0.16686 0.3384 0.32904 0.16647 0.33758 0.3283 
-4e-006 0.005332 -0.005348 0.16686 0.3384 0.32904 0.16647 0.3376 0.32828 
-4e-006 0.005352 -0.005368 0.16685 0.3384 0.329 0.16648 0.33764 0.32828 
-4e-006 0.005372 -0.005388 0.16685 0.33842 0.32898 0.16648 0.33766 0.32826 
-5e-006 0.00539 -0.00541 0.16685 0.33844 0.32896 0.16648 0.33766 0.32826 
-5e-006 0.00541 -0.00543 0.16684 0.33842 0.32894 0.16648 0.33768 0.32824 
-5e-006 0.00543 -0.00545 0.16684 0.33844 0.32892 0.16649 0.33772 0.32824 
-5e-006 0.00543 -0.00545 0.16684 0.33846 0.3289 0.16649 0.33772 0.32824 
-5e-006 0.00545 -0.00547 0.16683 0.33844 0.32888 0.16649 0.33774 0.32822 
-5e-006 0.00547 -0.00549 0.16683 0.33846 0.32886 0.1665 0.33778 0.32822 
-5e-006 0.00547 -0.00549 0.16683 0.33846 0.32886 0.1665 0.33778 0.32822 
-5e-006 0.00549 -0.00551 0.16682 0.33846 0.32882 0.1665 0.3378 0.3282 
-5e-006 0.00551 -0.00553 0.16682 0.33846 0.32882 0.16651 0.33784 0.3282 
-5e-006 0.00551 -0.00553 0.16681 0.33846 0.32878 0.16651 0.33784 0.3282 
-5e-006 0.00553 -0.00555 0.16681 0.33848 0.32876 0.16651 0.33786 0.32818 
-5e-006 0.00555 -0.00557 0.16681 0.33848 0.32876 0.16651 0.33786 0.32818 
-5e-006 0.00555 -0.00557 0.16681 0.3385 0.32874 0.16652 0.3379 0.32818 
-5e-006 0.00557 -0.00559 0.1668 0.33848 0.32872 0.16652 0.33792 0.32816 
-5e-006 0.00559 -0.00561 0.1668 0.3385 0.3287 0.16653 0.33794 0.32818 
-5e-006 0.00559 -0.00561 0.1668 0.3385 0.3287 0.16653 0.33794 0.32818 
-5e-006 0.00561 -0.00563 0.16679 0.3385 0.32866 0.16653 0.33796 0.32816 
-5e-006 0.00561 -0.00563 0.16679 0.3385 0.32866 0.16654 0.33798 0.32818 
-5e-006 0.00563 -0.00565 0.16679 0.3385 0.32866 0.16654 0.338 0.32816 
-5e-006 0.00563 -0.00565 0.16678 0.3385 0.32862 0.16654 0.338 0.32816 
-5e-006 0.00563 -0.00565 0.16678 0.3385 0.32862 0.16655 0.33804 0.32816 
-5e-006 0.00565 -0.00567 0.16678 0.33852 0.3286 0.16655 0.33804 0.32816 
-5e-006 0.00565 -0.00567 0.16677 0.3385 0.32858 0.16655 0.33804 0.32816 
-5e-006 0.00565 -0.00567 0.16677 0.3385 0.32858 0.16655 0.33806 0.32814 
-5e-006 0.00567 -0.00569 0.16677 0.3385 0.32858 0.16656 0.33808 0.32816 
-5e-006 0.00567 -0.00569 0.16676 0.3385 0.32854 0.16656 0.33808 0.32816 
-5e-006 0.00569 -0.00571 0.16676 0.3385 0.32854 0.16656 0.3381 0.32814 
-5e-006 0.00569 -0.00571 0.16676 0.3385 0.32854 0.16657 0.33812 0.32816 
-5e-006 0.00569 -0.00571 0.16675 0.33848 0.32852 0.16657 0.33812 0.32816 
-5e-006 0.00571 -0.00573 0.16675 0.3385 0.3285 0.16657 0.33814 0.32814 
-5e-006 0.00571 -0.00573 0.16675 0.3385 0.3285 0.16658 0.33816 0.32816 
-5e-006 0.00571 -0.00573 0.16675 0.3385 0.3285 0.16658 0.33816 0.32816 
-5e-006 0.00573 -0.00575 0.16674 0.33848 0.32848 0.16659 0.33818 0.32818 
-5e-006 0.00573 -0.00575 0.16674 0.3385 0.32846 0.16659 0.3382 0.32816 
-5e-006 0.00573 -0.00575 0.16673 0.33848 0.32844 0.16659 0.3382 0.32816 
-5e-006 0.00573 -0.00575 0.16673 0.33848 0.32844 0.16659 0.3382 0.32816 
-5e-006 0.00573 -0.00575 0.16673 0.33848 0.32844 0.1666 0.33822 0.32818 
-5e-006 0.00573 -0.00575 0.16672 0.33846 0.32842 0.1666 0.33822 0.32818 
-5e-006 0.00575 -0.00577 0.16672 0.33846 0.32842 0.1666 0.33822 0.32818 
-5e-006 0.00575 -0.00577 0.16672 0.33848 0.3284 0.16661 0.33824 0.3282 
-5e-006 0.00575 -0.00577 0.16671 0.33846 0.32838 0.16661 0.33826 0.32818 
0.6 11.4863 -11.4757 0.7 11.0735 -11.0605 0.7 9.2984 -9.2856 
-0.1 5.9184 -5.9216 -0.06 5.759 -5.761 0.2 4.4832 -4.4768 
-1.1 1.4772 -1.4785 -1 1.429 -1.4302 -0.53 1.127 -1.1276 
-0.096 0.96528 -0.98832 -0.015 0.9186 -0.9222 0.183 0.76956 -0.72564 
-0.062 0.6513 -0.8125 0.06 0.7345 -0.5785 0.17 0.7995 -0.3575 
-0.046 0.5339 -0.7087 0.122 0.779 -0.3154 0.135 0.7885 -0.2755 
-0.043 0.5187 -0.6821 0.156 0.8075 -0.2147 0.107 0.7372 -0.3306 
-0.032 0.4427 -0.5643 0.169 0.792 -0.116 0.111 0.692 -0.248 
