0.031441	0.000275	2	0.026197	0.000251	2	0.026205	0.000251	2	0.031441	0.000275	2
0.01833		0.000136	2	0.015273	0.000124	2	0.015277	0.000124	2	0.01833		0.000136	2
0.01332		0.000131	2	0.011099	0.000119	2	0.011102	0.00012		2	0.01332		0.000131	2
0.010596	0.00013		2	0.0088291	0.000118	2	0.0088311	0.00012		2	0.010596	0.00013		2
0.0088621	0.000127	2	0.0073841	0.000115	2	0.0073861	0.000117	2	0.008862	0.000127	2
0.0076501	0.000119	2	0.0063741	0.000109	2	0.0063761	0.000109	2	0.00765		0.000119	2
0.0067501	0.000115	2	0.0056241	0.000105	2	0.0056261	0.000105	2	0.00675		0.000115	2
0.0060511	0.00011		2	0.0050421	0.000101	2	0.0050431	0.000101	2	0.006051	0.00011		2
0.0054943	0.000106	2	0.0045781	9.67E-05	2	0.0045791	9.67E-05	2	0.0054942	0.000106	2
0.0050371	0.000102	2	0.0041971	9.30E-05	2	0.0041981	9.30E-05	2	0.005037	0.000102	2
0.0046546	9.81E-05	2	0.0038784	8.95E-05	2	0.0038793	8.96E-05	2	0.0046545	9.81E-05	2
0.0043294	9.45E-05	2	0.0036075	8.63E-05	2	0.0036082	8.63E-05	2	0.0043293	9.46E-05	2
0.0040492	9.12E-05	2	0.003374	8.33E-05	2	0.0033747	8.33E-05	2	0.0040491	9.13E-05	2
0.0038052	8.82E-05	2	0.0031707	8.05E-05	2	0.0031713	8.05E-05	2	0.0038052	8.82E-05	2
0.0035904	8.52E-05	2	0.0029917	7.78E-05	2	0.0029923	7.78E-05	2	0.0035904	8.53E-05	2
0.0035128	2.10E-05	2	0.0029257	1.95E-05	2	0.0029289	1.89E-05	2	0.0035128	2.10E-05	2
0.0034899	2.01E-05	2	0.0029067	1.87E-05	2	0.0029099	1.80E-05	2	0.0034899	2.01E-05	2
0.0034672	1.93E-05	2	0.0028878	1.79E-05	2	0.0028909	1.72E-05	2	0.0034672	1.93E-05	2
0.0034447	1.84E-05	2	0.002869	1.71E-05	2	0.0028721	1.64E-05	2	0.0034447	1.84E-05	2
0.00342232	1.77E-05	2	0.0028504	1.65E-05	2	0.0028535	1.57E-05	2	0.00342231	1.77E-05	2
0.00340006	1.69E-05	2	0.0028319	1.58E-05	2	0.0028349	1.50E-05	2	0.00340005	1.69E-05	2
0.00337801	1.63E-05	2	0.0028135	1.53E-05	2	0.0028165	1.45E-05	2	0.003378	1.63E-05	2
0.00335608	1.57E-05	2	0.0027953	1.47E-05	2	0.00279821	1.39E-05	2	0.00335607	1.57E-05	2
0.0033343	1.51E-05	2	0.00277713	1.42E-05	2	0.00278004	1.34E-05	2	0.00333429	1.51E-05	2
0.0033127	1.46E-05	2	0.00275915	1.37E-05	2	0.00276202	1.29E-05	2	0.00331269	1.46E-05	2
0.00329122	1.41E-05	2	0.00274127	1.33E-05	2	0.0027441	1.25E-05	2	0.00329121	1.41E-05	2
0.00326986	1.36E-05	2	0.00272349	1.28E-05	2	0.00272628	1.20E-05	2	0.00326985	1.36E-05	2
0.00324868	1.39E-05	2	0.00270586	1.31E-05	2	0.00270861	1.23E-05	2	0.00324867	1.39E-05	2
0.00322759	1.35E-05	2	0.0026883	1.28E-05	2	0.00269102	1.19E-05	2	0.00322758	1.35E-05	2
0.00320668	1.31E-05	2	0.0026709	1.24E-05	2	0.00267357	1.16E-05	2	0.00320667	1.31E-05	2
0.00318589	1.28E-05	2	0.00265359	1.21E-05	2	0.00265623	1.13E-05	2	0.00318588	1.28E-05	2
0.00316525	1.25E-05	2	0.00263641	1.18E-05	2	0.00263901	1.09E-05	2	0.00316524	1.25E-05	2
0.00314473	1.24E-05	2	0.00261933	1.17E-05	2	0.00262189	1.09E-05	2	0.00314472	1.24E-05	2
0.00312436	1.21E-05	2	0.00260237	1.14E-05	2	0.0026049	1.07E-05	2	0.00312435	1.21E-05	2
0.00310414	1.19E-05	2	0.00258554	1.12E-05	2	0.00258803	1.05E-05	2	0.00310413	1.19E-05	2
0.00308401	1.16E-05	2	0.00256878	1.09E-05	2	0.00257124	1.02E-05	2	0.003084	1.16E-05	2
0.00306403	1.14E-05	2	0.00255215	1.07E-05	2	0.00255457	1.00E-05	2	0.00306402	1.14E-05	2
0.0030442	1.12E-05	2	0.00253564	1.05E-05	2	0.00253803	9.84E-06	2	0.00304419	1.12E-05	2
0.00302446	1.12E-05	2	0.00251921	1.05E-05	2	0.00252156	9.93E-06	2	0.00302445	1.12E-05	2
0.0030049	1.10E-05	2	0.00250293	1.04E-05	2	0.00250524	9.77E-06	2	0.00300489	1.10E-05	2
0.00298543	1.07E-05	2	0.00248672	1.01E-05	2	0.002489	9.38E-06	2	0.00298542	1.07E-05	2
0.00296608	1.05E-05	2	0.00247061	9.93E-06	2	0.00247286	9.27E-06	2	0.00296607	1.05E-05	2
0.00294691	1.04E-05	2	0.00245465	9.81E-06	2	0.00245687	9.15E-06	2	0.0029469	1.04E-05	2
0.00292783	1.03E-05	2	0.00243877	9.69E-06	2	0.00244095	9.05E-06	2	0.00292782	1.03E-05	2
0.00290884	1.02E-05	2	0.00242296	9.59E-06	2	0.00242511	8.96E-06	2	0.00290883	1.02E-05	2
0.00289003	1.01E-05	2	0.0024073	9.50E-06	2	0.00240942	8.89E-06	2	0.00289002	1.01E-05	2
0.00287131	9.99E-06	2	0.00239172	9.41E-06	2	0.0023938	8.82E-06	2	0.0028713	9.99E-06	2
0.00285274	9.73E-06	2	0.00237626	9.20E-06	2	0.00237831	8.55E-06	2	0.00285273	9.73E-06	2
0.00283426	9.66E-06	2	0.00236087	9.13E-06	2	0.0023629	8.49E-06	2	0.00283425	9.66E-06	2
0.0028159	9.60E-06	2	0.00234559	9.07E-06	2	0.00234758	8.44E-06	2	0.00281589	9.60E-06	2
0.00279769	9.54E-06	2	0.00233043	9.01E-06	2	0.00233238	8.40E-06	2	0.00279768	9.55E-06	2
0.00277954	9.49E-06	2	0.00231532	8.95E-06	2	0.00231724	8.36E-06	2	0.00277953	9.49E-06	2
0.00276157	9.45E-06	2	0.00230036	8.91E-06	2	0.00230225	8.33E-06	2	0.00276156	9.45E-06	2
0.00274372	9.40E-06	2	0.0022855	8.86E-06	2	0.00228736	8.30E-06	2	0.00274371	9.41E-06	2
0.00272593	8.87E-06	2	0.00227069	8.35E-06	2	0.00227252	7.84E-06	2	0.00272592	8.87E-06	2
0.00270829	8.84E-06	2	0.002256	8.32E-06	2	0.00225781	7.82E-06	2	0.00270828	8.85E-06	2
0.00269077	8.81E-06	2	0.00224142	8.28E-06	2	0.00224319	7.80E-06	2	0.00269076	8.82E-06	2
0.00267334	8.79E-06	2	0.00222691	8.25E-06	2	0.00222865	7.78E-06	2	0.00267333	8.79E-06	2
0.00265603	8.77E-06	2	0.0022125	8.23E-06	2	0.00221421	7.78E-06	2	0.00265602	8.77E-06	2
0.00263884	8.74E-06	2	0.00219819	8.20E-06	2	0.00219987	7.76E-06	2	0.00263883	8.75E-06	2
0.00262174	8.73E-06	2	0.00218395	8.17E-06	2	0.00218561	7.75E-06	2	0.00262173	8.73E-06	2
0.00260479	8.71E-06	2	0.00216984	8.15E-06	2	0.00217147	7.74E-06	2	0.00260478	8.71E-06	2
0.00258793	8.69E-06	2	0.0021558	8.13E-06	2	0.00215741	7.73E-06	2	0.00258792	8.69E-06	2
0.00257116	8.69E-06	2	0.00214184	8.12E-06	2	0.00214342	7.74E-06	2	0.00257115	8.69E-06	2
0.00255454	8.67E-06	2	0.002128	8.09E-06	2	0.00212956	7.73E-06	2	0.00255453	8.67E-06	2
0.00253801	8.66E-06	2	0.00211424	8.08E-06	2	0.00211577	7.72E-06	2	0.002538	8.66E-06	2
0.0025216	8.65E-06	2	0.00210058	8.06E-06	2	0.00210208	7.72E-06	2	0.00252159	8.65E-06	2
0.00250525	8.63E-06	2	0.00208697	8.04E-06	2	0.00208844	7.71E-06	2	0.00250524	8.63E-06	2
0.00248905	8.62E-06	2	0.00207348	8.03E-06	2	0.00207493	7.71E-06	2	0.00248904	8.62E-06	2
0.00247294	8.61E-06	2	0.00206007	8.01E-06	2	0.00206149	7.71E-06	2	0.00247293	8.61E-06	2
0.00245691	8.60E-06	2	0.00204673	7.99E-06	2	0.00204813	7.70E-06	2	0.00245691	8.60E-06	2
0.00244101	8.59E-06	2	0.00203348	7.98E-06	2	0.00203487	7.69E-06	2	0.00244101	8.59E-06	2
0.0024252	8.58E-06	2	0.00202032	7.97E-06	2	0.00202168	7.69E-06	2	0.0024252	8.58E-06	2
0.00240951	8.56E-06	2	0.00200726	7.95E-06	2	0.00200859	7.68E-06	2	0.00240951	8.57E-06	2
0.00239391	8.56E-06	2	0.00199427	7.94E-06	2	0.00199558	7.68E-06	2	0.00239391	8.56E-06	2
0.00237843	8.55E-06	2	0.00198138	7.92E-06	2	0.00198267	7.68E-06	2	0.00237843	8.55E-06	2
0.00236304	8.35E-06	2	0.00196857	7.78E-06	2	0.00196983	7.47E-06	2	0.00236304	8.35E-06	2
0.00234774	8.34E-06	2	0.00195583	7.76E-06	2	0.00195707	7.46E-06	2	0.00234774	8.34E-06	2
0.00233253	8.33E-06	2	0.00194317	7.75E-06	2	0.00194438	7.45E-06	2	0.00233253	8.33E-06	2
0.00231744	8.31E-06	2	0.0019306	7.73E-06	2	0.0019318	7.44E-06	2	0.00231744	8.32E-06	2
0.00230241	8.30E-06	2	0.00191809	7.71E-06	2	0.00191926	7.44E-06	2	0.00230241	8.30E-06	2
0.00228753	8.28E-06	2	0.0019057	7.69E-06	2	0.00190685	7.43E-06	2	0.00228753	8.28E-06	2
0.00227271	8.27E-06	2	0.00189336	7.68E-06	2	0.00189449	7.42E-06	2	0.00227271	8.27E-06	2
0.00225801	8.25E-06	2	0.00188112	7.66E-06	2	0.00188223	7.41E-06	2	0.00225801	8.25E-06	2
0.0022434	8.23E-06	2	0.00186896	7.63E-06	2	0.00187004	7.39E-06	2	0.0022434	8.23E-06	2
0.00222888	8.22E-06	2	0.00185687	7.62E-06	2	0.00185793	7.38E-06	2	0.00222888	8.22E-06	2
0.00221445	7.97E-06	2	0.00184486	7.35E-06	2	0.00184589	7.20E-06	2	0.00221445	7.97E-06	2
0.00220014	8.18E-06	2	0.00183294	7.58E-06	2	0.00183396	7.36E-06	2	0.00220014	8.18E-06	2
0.00218586	8.16E-06	2	0.00182105	7.56E-06	2	0.00182205	7.34E-06	2	0.00218586	8.16E-06	2
0.00217173	8.15E-06	2	0.00180929	7.54E-06	2	0.00181026	7.33E-06	2	0.00217173	8.15E-06	2
0.00215766	7.89E-06	2	0.00179757	7.27E-06	2	0.00179853	7.14E-06	2	0.00215766	7.89E-06	2
0.00214371	7.87E-06	2	0.00178596	7.25E-06	2	0.00178689	7.13E-06	2	0.00214371	7.88E-06	2
0.00212982	7.85E-06	2	0.00177439	7.23E-06	2	0.00177531	7.11E-06	2	0.00212982	7.86E-06	2
0.00211602	7.83E-06	2	0.0017629	7.21E-06	2	0.0017638	7.10E-06	2	0.00211602	7.84E-06	2
0.00210234	7.81E-06	2	0.00175151	7.18E-06	2	0.00175239	7.08E-06	2	0.00210234	7.81E-06	2
0.00208872	7.79E-06	2	0.00174017	7.16E-06	2	0.00174103	7.06E-06	2	0.00208872	7.79E-06	2
0.00207522	7.77E-06	2	0.00172893	7.14E-06	2	0.00172977	7.04E-06	2	0.00207522	7.77E-06	2
0.00206178	7.74E-06	2	0.00171774	7.11E-06	2	0.00171856	7.02E-06	2	0.00206178	7.74E-06	2
0.00204843	7.72E-06	2	0.00170662	7.09E-06	2	0.00170743	7.00E-06	2	0.00204843	7.72E-06	2
0.00203517	7.69E-06	2	0.00169558	7.06E-06	2	0.00169637	6.98E-06	2	0.00203517	7.69E-06	2
0.002022	7.67E-06	2	0.00168462	7.04E-06	2	0.00168538	6.96E-06	2	0.002022	7.67E-06	2
0.00200889	7.65E-06	2	0.0016737	7.02E-06	2	0.00167445	6.94E-06	2	0.00200889	7.65E-06	2
0.00199593	7.62E-06	2	0.00166291	6.99E-06	2	0.00166364	6.92E-06	2	0.00199593	7.63E-06	2
0.00198297	7.59E-06	2	0.00165212	6.97E-06	2	0.00165283	6.90E-06	2	0.00198297	7.60E-06	2
0.00197013	7.57E-06	2	0.00164143	6.94E-06	2	0.00164212	6.88E-06	2	0.00197013	7.57E-06	2
0.00195738	7.54E-06	2	0.00163081	6.91E-06	2	0.00163149	6.85E-06	2	0.00195738	7.54E-06	2
0.00194472	7.51E-06	2	0.00162027	6.89E-06	2	0.00162093	6.83E-06	2	0.00194472	7.51E-06	2
0.00193212	7.48E-06	2	0.00160978	6.86E-06	2	0.00161042	6.80E-06	2	0.00193212	7.48E-06	2
0.00191961	7.45E-06	2	0.00159936	6.83E-06	2	0.00159999	6.77E-06	2	0.00191961	7.45E-06	2
0.00190719	7.43E-06	2	0.00158902	6.80E-06		0.00158963	6.75E-06	2	0.00190719	7.43E-06	2
0.00189483	7.39E-06	2	0.00157873	6.77E-06	2	0.00157932	6.72E-06	2	0.00189483	7.39E-06	2
0.00188259	7.36E-06	2	0.00156854	6.74E-06	2	0.00156911	6.70E-06	2	0.00188259	7.36E-06	2
0.00187038	7.33E-06	2	0.00155837	6.71E-06	2	0.00155893	6.67E-06	2	0.00187038	7.33E-06	2
0.00185829	7.30E-06	2	0.0015483	6.68E-06	2	0.00154885	6.64E-06	2	0.00185829	7.30E-06	2
0.00184623	7.27E-06	2	0.00153826	6.65E-06	2	0.00153879	6.61E-06	2	0.00184623	7.27E-06	2
0.00183429	7.24E-06	2	0.00152832	6.62E-06	2	0.00152883	6.59E-06	2	0.00183429	7.24E-06	2
0.00182244	7.20E-06	2	0.00151845	6.59E-06	2	0.00151895	6.56E-06	2	0.00182244	7.21E-06	2
0.00181062	7.17E-06	2	0.00150861	6.56E-06	2	0.00150909	6.53E-06	2	0.00181062	7.17E-06	2
0.00179889	7.14E-06	2	0.00149884	6.53E-06	2	0.00149931	6.50E-06	2	0.00179889	7.14E-06	2
0.00178725	7.10E-06	2	0.00148915	6.49E-06	2	0.0014896	6.47E-06	2	0.00178725	7.10E-06	2
0.0017757	7.07E-06	2	0.00147953	6.46E-06	2	0.00147997	6.44E-06	2	0.0017757	7.07E-06	2
0.00176418	7.03E-06	2	0.00146994	6.43E-06	2	0.00147036	6.41E-06	2	0.00176418	7.04E-06	2
0.00175275	7.00E-06	2	0.00146042	6.40E-06	2	0.00146083	6.38E-06	2	0.00175275	7.00E-06	2
0.00174144	6.97E-06	2	0.001451	6.37E-06	2	0.0014514	6.35E-06	2	0.00174144	6.97E-06	2
0.00173016	6.93E-06	2	0.00144161	6.33E-06	2	0.00144199	6.32E-06	2	0.00173016	6.93E-06	2
0.00171897	6.89E-06	2	0.00143229	6.30E-06	2	0.00143266	6.28E-06	2	0.00171897	6.89E-06	2
0.00170781	6.86E-06	2	0.001423	6.27E-06	2	0.00142335	6.26E-06	2	0.00170781	6.86E-06	2
0.00169674	6.82E-06	2	0.00141378	6.24E-06	2	0.00141412	6.22E-06	2	0.00169674	6.83E-06	2
0.00168579	6.79E-06	2	0.00140466	6.20E-06	2	0.00140499	6.19E-06	2	0.00168579	6.79E-06	2
0.00167487	6.75E-06	2	0.00139557	6.17E-06	2	0.00139588	6.16E-06	2	0.00167487	6.75E-06	2
0.00166404	6.71E-06	2	0.00138655	6.13E-06	2	0.00138685	6.12E-06	2	0.00166404	6.72E-06	2
0.00165327	6.68E-06	2	0.00137758	6.10E-06	2	0.00137787	6.09E-06	2	0.00165327	6.68E-06	2
0.00164256	6.64E-06	2	0.00136866	6.07E-06	2	0.00136894	6.06E-06	2	0.00164256	6.64E-06	2
0.00163191	6.61E-06	2	0.00135979	6.04E-06	2	0.00136006	6.03E-06	2	0.00163191	6.61E-06	2
0.00162135	6.57E-06	2	0.001351	6.00E-06	2	0.00135125	5.99E-06	2	0.00162135	6.57E-06	2
0.00161082	6.53E-06	2	0.00134223	5.96E-06	2	0.00134247	5.96E-06	2	0.00161082	6.53E-06	2
0.00160041	6.49E-06	2	0.00133356	5.93E-06	2	0.00133379	5.93E-06	2	0.00160041	6.50E-06	2
0.00159006	6.46E-06	2	0.00132494	5.90E-06	2	0.00132516	5.89E-06	2	0.00159006	6.46E-06	2
0.00157974	6.42E-06	2	0.00131635	5.86E-06	2	0.00131655	5.86E-06	2	0.00157974	6.42E-06	2
0.00156951	6.38E-06	2	0.00130783	5.82E-06	2	0.00130802	5.82E-06	2	0.00156951	6.38E-06	2
0.00155934	6.34E-06	2	0.00129936	5.79E-06	2	0.00129954	5.79E-06	2	0.00155934	6.34E-06	2
0.00154929	6.30E-06	2	0.00129099	5.76E-06	2	0.00129116	5.75E-06	2	0.00154929	6.31E-06	2
0.00153924	6.27E-06	2	0.00128262	5.72E-06	2	0.00128278	5.72E-06	2	0.00153924	6.27E-06	2
0.00239		0.00533		2	0.00213		0.00533		2	0.00185		0.00435		2	0.00239		0.00533		2
0.00451		0.00522		2	0.00426		0.00522		2	0.00326		0.00426		2	0.00451		0.00522		2
0.00882		0.00603		2	0.00836		0.00601		2	0.00634		0.00494		2	0.00882		0.00603		2
0.0161		0.00855		2	0.0149		0.00847		2	0.012		0.00707		2	0.0161		0.00855		2
0.02668		0.012		2	0.02361		0.0116		2	0.02085		0.0102		2	0.02667		0.012		2
0.04114		0.0163		2	0.03454		0.0152		2	0.03403		0.0146		2	0.04113		0.0163		2
0.05473		0.021		2	0.04433		0.019		2	0.04689		0.0195		2	0.05473		0.0211		2
0.05896		0.0201		2	0.04746		0.0183		2	0.05081		0.0184		2	0.05896		0.0201		2