10;0,0006454;5,43e-05;2
20;0,0006406;4,5e-05;2
30;0,0006361;3,96e-05;2
40;0,0006318;3,58e-05;2
50;0,0006275;3,28e-05;2
60;0,00062336;3,04e-05;2
70;0,00061925;2,83e-05;2
80;0,00061518;2,65e-05;2
90;0,00061115;2,5e-05;2
100;0,00060715;2,36e-05;1,9
110;0,00060319;2,24e-05;1,9
120;0,00059926;2,13e-05;1,9
130;0,00059536;2,03e-05;1,9
140;0,00059149;1,94e-05;1,9
150;0,00058765;1,85e-05;1,9
160;0,00058384;1,77e-05;1,9
170;0,00058005;1,7e-05;1,9
180;0,00057629;1,64e-05;1,9
190;0,00057256;1,57e-05;1,9
200;0,00056885;1,52e-05;1,9
210;0,00056516;1,46e-05;1,9
220;0,00056151;1,42e-05;1,9
230;0,00055787;1,37e-05;1,9
240;0,00055426;1,33e-05;1,9
250;0,00055068;1,29e-05;1,9
260;0,00054712;1,25e-05;1,9
270;0,00054358;1,21e-05;1,9
280;0,00054007;1,18e-05;1,8
290;0,00053657;1,15e-05;1,8
300;0,00053311;1,12e-05;1,8
310;0,00052966;1,1e-05;1,8
320;0,00052624;1,07e-05;1,8
330;0,00052284;1,05e-05;1,8
340;0,00051946;1,03e-05;1,8
350;0,00051611;1,01e-05;1,8
360;0,00051277;9,87e-06;1,8
370;0,00050946;9,7e-06;1,8
380;0,00050617;9,53e-06;1,8
390;0,0005029;9,38e-06;1,8
400;0,00049966;9,23e-06;1,8
410;0,00049643;9,09e-06;1,8
420;0,00049322;8,97e-06;1,8
430;0,00049004;8,85e-06;1,8
440;0,00048688;8,74e-06;1,8
450;0,00048373;8,63e-06;1,8
460;0,00048061;8,54e-06;1,8
470;0,00047751;8,45e-06;1,8
480;0,00047443;8,36e-06;1,8
490;0,00047136;8,28e-06;1,8
500;0,00046832;8,21e-06;1,8
510;0,0004653;8,14e-06;1,8
520;0,00046229;8,07e-06;1,8
530;0,00045931;8,01e-06;1,8
540;0,00045635;7,95e-06;1,8
550;0,0004534;7,89e-06;1,9
560;0,00045047;7,84e-06;1,9
570;0,00044757;7,79e-06;1,9
580;0,00044468;7,74e-06;1,9
590;0,00044181;7,7e-06;1,9
600;0,00043896;7,65e-06;1,9
610;0,00043612;7,61e-06;1,9
620;0,00043331;7,57e-06;1,9
630;0,00043051;7,53e-06;1,9
640;0,00042773;7,5e-06;1,9
650;0,00042497;7,46e-06;1,9
660;0,00042223;7,43e-06;1,9
670;0,00041951;7,4e-06;1,9
680;0,0004168;7,36e-06;1,9
690;0,00041411;7,33e-06;1,9
700;0,00041144;7,3e-06;1,9
710;0,00040878;7,27e-06;1,9
720;0,00040614;7,24e-06;1,9
730;0,00040352;7,21e-06;1,9
740;0,00040092;7,18e-06;1,9
750;0,00039833;7,16e-06;1,9
760;0,00039576;7,13e-06;1,9
770;0,00039321;7,1e-06;1,9
780;0,00039067;7,07e-06;1,9
790;0,00038815;7,05e-06;1,9
800;0,00038564;7,02e-06;1,9
810;0,00038315;6,99e-06;1,9
820;0,00038068;6,96e-06;1,9
830;0,00037822;6,94e-06;1,9
840;0,00037578;6,91e-06;1,9
850;0,00037336;6,88e-06;1,9
860;0,00037095;6,86e-06;1,9
870;0,00036856;6,83e-06;2
880;0,00036618;6,8e-06;1,9
890;0,00036381;6,77e-06;1,9
900;0,00036147;6,75e-06;1,9
910;0,00035913;6,72e-06;2
920;0,00035682;6,69e-06;2
930;0,00035451;6,66e-06;2
940;0,00035222;6,64e-06;2
950;0,00034995;6,61e-06;2
960;0,00034769;6,58e-06;2
970;0,00034545;6,55e-06;2
980;0,00034322;6,52e-06;2
990;0,000341;6,49e-06;2
1000;0,0003388;6,46e-06;2
1010;0,00033662;6,43e-06;2
1020;0,00033444;6,41e-06;2
1030;0,00033229;6,38e-06;2
1040;0,00033014;6,35e-06;2
1050;0,00032801;6,32e-06;2
1060;0,00032589;6,29e-06;2
1070;0,00032379;6,26e-06;2
1080;0,0003217;6,23e-06;2
1090;0,00031962;6,2e-06;2
1100;0,00031756;6,17e-06;2
1110;0,00031551;6,13e-06;2
1120;0,00031348;6,1e-06;2
1130;0,00031145;6,07e-06;2
1140;0,00030944;6,04e-06;2
1150;0,00030744;6,01e-06;2
1160;0,00030546;5,98e-06;2
1170;0,00030349;5,95e-06;2
1180;0,00030153;5,92e-06;2
1190;0,00029958;5,89e-06;2
1200;0,00029765;5,85e-06;2
1210;0,00029573;5,82e-06;2
1220;0,00029382;5,79e-06;2
1230;0,00029192;5,76e-06;2
1240;0,00029004;5,73e-06;2
1250;0,00028817;5,69e-06;2
1260;0,00028631;5,66e-06;2
1270;0,00028446;5,63e-06;2
1280;0,00028262;5,6e-06;2
1290;0,0002808;5,57e-06;2
1300;0,00027899;5,53e-06;2
1310;0,00027719;5,5e-06;2
1320;0,0002754;5,47e-06;2
1330;0,00027362;5,44e-06;2
1340;0,00027185;5,41e-06;2
1350;0,0002701;5,37e-06;2
1360;0,00026835;5,34e-06;2
1370;0,00026662;5,31e-06;2
1380;0,0002649;5,28e-06;2
1390;0,00026319;5,25e-06;2
1400;0,00026149;5,21e-06;2
1410;0,0002598;5,18e-06;2
1420;0,00025813;5,15e-06;2
1430;0,00025646;5,12e-06;2
1440;0,0002548;5,09e-06;2
1450;0,00025316;5,05e-06;2
1460;0,00025153;5,02e-06;2
1470;0,0002499;4,99e-06;2
1480;0,00024829;4,96e-06;2
1490;0,00024669;4,93e-06;2
1500;0,00024509;4,9e-06;2
1510;0,00024351;4,87e-06;2
1520;0,00024194;4,83e-06;2
1530;0,00024038;4,8e-06;2
1540;0,00023883;4,77e-06;2
1550;0,00023728;4,74e-06;2