10	0.005787	0.00018		1.9
20	0.0033533	0.000154	1.9
30	0.002426	0.00015		1.9
40	0.001924	0.000142	1.9
50	0.001604	0.000134	1.9
60	0.001381	0.000126	1.9
70	0.001215	0.000118	1.9
80	0.001088	0.000112	1.9
90	0.0009853	0.000106	1.9
100	0.00090572	3.43E-05	2
110	0.00089665	3.26E-05	2
120	0.00088768	3.11E-05	2
130	0.0008788	2.98E-05	2
140	0.00087002	2.86E-05	2
150	0.00086132	2.75E-05	2
160	0.00085272	2.65E-05	2
170	0.00084421	2.55E-05	2
180	0.00083578	2.47E-05	2
190	0.00082744	2.39E-05	2
200	0.00081919	2.32E-05	2
210	0.00081101	2.25E-05	2
220	0.00080292	2.19E-05	2
230	0.00079492	2.13E-05	2
240	0.00078699	2.08E-05	2
250	0.00077915	2.03E-05	2
260	0.00077138	1.98E-05	2
270	0.00076369	1.93E-05	2
280	0.00075608	1.89E-05	2
290	0.00074854	1.85E-05	2
300	0.00074108	1.81E-05	2
310	0.0007337	1.78E-05	2
320	0.00072638	1.74E-05	2
330	0.00071915	1.71E-05	2
340	0.00071198	1.68E-05	2
350	0.00070489	1.65E-05	2
360	0.00069786	1.62E-05	2
370	0.00069091	1.59E-05	2
380	0.00068403	1.57E-05	2
390	0.00067721	1.54E-05	2
400	0.00067046	1.52E-05	2
410	0.00066378	1.50E-05	2
420	0.00065717	1.47E-05	2
430	0.00065062	1.45E-05	2
440	0.00064414	1.43E-05	2
450	0.00063773	1.41E-05	2
460	0.00063137	1.39E-05	2
470	0.00062508	1.37E-05	2
480	0.00061886	1.35E-05	2
490	0.00061269	1.33E-05	2
500	0.00060659	1.32E-05	2
510	0.00060055	1.30E-05	2
520	0.00059456	1.28E-05	2
530	0.00058864	1.26E-05	2
540	0.00058278	1.25E-05	2
550	0.00057697	1.23E-05	2
560	0.00057122	1.22E-05	2
570	0.00056553	1.20E-05	2
580	0.0005599	1.19E-05	2
590	0.00055432	1.17E-05	2
600	0.0005488	1.16E-05	2
610	0.00054333	1.14E-05	2
620	0.00053792	1.13E-05	2
630	0.00053256	1.12E-05	2
640	0.00052726	1.10E-05	2
650	0.00052201	1.09E-05	2
660	0.00051681	1.08E-05	2
670	0.00051166	1.06E-05	2
680	0.00050656	1.05E-05	2
690	0.00050151	1.04E-05	2
700	0.00049652	1.02E-05	2
710	0.00049157	1.01E-05	2
720	0.00048668	1.00E-05	2
730	0.00048183	9.89E-06	2
740	0.00047703	9.78E-06	2
750	0.00047228	9.66E-06	2
760	0.00046757	9.55E-06	2
770	0.00046291	9.44E-06	2
780	0.0004583	9.33E-06	2
790	0.00045374	9.22E-06	2
800	0.00044922	9.12E-06	2
810	0.00044474	9.02E-06	2
820	0.00044031	8.91E-06	2
830	0.00043592	8.81E-06	2
840	0.00043158	8.71E-06	2
850	0.00042728	8.62E-06	2
860	0.00042303	8.52E-06	2
870	0.00041881	8.43E-06	2
880	0.00041464	8.34E-06	2
890	0.00041051	8.25E-06	2
900	0.000663	0.00248		1.2
910	0.00112		0.00336		1.6
920	0.00181		0.00438		2
930	0.00278		0.00548		2.1
940	0.00404		0.00657		1.9
950	0.00554		0.00752		1.7
960	0.00715		0.00823		1.6
970	0.00866		0.00867		1.5
980	0.00981		0.008921	1.4
