10	0.0054036	0.000192	1.9
20	0.0031448	0.000115	1.9
30	0.002282	0.000114	1.9
40	0.001814	0.000111	1.9
50	0.001516	0.000107	1.9
60	0.001307	0.000103	1.9
70	0.001153	9.79E-05	1.9
80	0.001033	9.35E-05	1.9
90	0.0009372	8.94E-05	1.9
100	0.0008587	8.56E-05	1.9
110	0.0007931	8.22E-05	1.9
120	0.0007374	7.89E-05	1.9
130	0.0006893	7.60E-05	1.9
140	0.00066855	2.71E-05	1.9
150	0.00066359	2.62E-05	1.9
160	0.00065866	2.54E-05	1.8
170	0.00065377	2.46E-05	1.8
180	0.00064892	2.39E-05	1.8
190	0.0006441	2.33E-05	1.8
200	0.00063933	2.26E-05	1.8
210	0.00063459	2.21E-05	1.8
220	0.00062989	2.15E-05	1.8
230	0.00062522	2.10E-05	1.8
240	0.00062059	2.05E-05	1.8
250	0.00061599	2.01E-05	1.8
260	0.00061143	1.96E-05	1.8
270	0.0006069	1.92E-05	1.8
280	0.00060241	1.88E-05	1.8
290	0.00059795	1.84E-05	1.8
300	0.00059353	1.81E-05	1.7
310	0.00058913	1.77E-05	1.7
320	0.00058477	1.74E-05	1.7
330	0.00058045	1.71E-05	1.7
340	0.00057615	1.68E-05	1.7
350	0.00057189	1.65E-05	1.7
360	0.00056766	1.62E-05	1.7
370	0.00056346	1.59E-05	1.7
380	0.00055929	1.57E-05	1.7
390	0.00055516	1.54E-05	1.7
400	0.00055105	1.52E-05	1.7
410	0.00054697	1.49E-05	1.8
420	0.00054293	1.47E-05	1.8
430	0.00053891	1.45E-05	1.8
440	0.00053493	1.43E-05	1.8
450	0.00053097	1.41E-05	1.8
460	0.00052705	1.39E-05	1.8
470	0.00052315	1.37E-05	1.8
480	0.00051928	1.35E-05	1.8
490	0.00051544	1.33E-05	1.8
500	0.00051163	1.31E-05	1.8
510	0.00050785	1.29E-05	1.8
520	0.00050409	1.28E-05	1.8
530	0.00050037	1.26E-05	1.8
540	0.00049667	1.24E-05	1.8
550	0.000493	1.23E-05	1.8
560	0.00048935	1.21E-05	1.8
570	0.00048573	1.20E-05	1.8
580	0.00048214	1.18E-05	1.8
590	0.00047858	1.17E-05	1.8
600	0.00047504	1.15E-05	1.9
610	0.00047153	1.14E-05	1.9
620	0.00046804	1.13E-05	1.9
630	0.00046458	1.11E-05	1.9
640	0.00046115	1.10E-05	1.9
650	0.00045774	1.09E-05	1.9
660	0.00045436	1.07E-05	1.9
670	0.000451	1.06E-05	1.9
680	0.00044767	1.05E-05	1.9
690	0.00044436	1.04E-05	1.9
700	0.00044107	1.02E-05	1.9
710	0.00043781	1.01E-05	1.9
720	0.00043457	1.00E-05	1.9
730	0.00043136	9.89E-06	1.9
740	0.00042817	9.78E-06	1.9
750	0.00042501	9.67E-06	1.9
760	0.00042187	9.56E-06	1.9
770	0.00041875	9.46E-06	1.9
780	0.00041565	9.35E-06	1.9
790	0.00041258	9.25E-06	1.9
800	0.00040953	9.15E-06	1.9
810	0.0004065	9.05E-06	1.9
820	0.0004035	8.95E-06	1.9
830	0.00040052	8.85E-06	1.9
840	0.00039756	8.76E-06	1.9
850	0.00039462	8.66E-06	1.9
860	0.0003917	8.57E-06	1.9
870	0.00038881	8.48E-06	1.9
880	0.00038593	8.39E-06	1.9
890	0.00038308	8.30E-06	1.9
900	0.00038025	8.22E-06	1.9
910	0.00037744	8.13E-06	1.9
920	0.00037465	8.05E-06	1.9
930	0.00037188	7.96E-06	2
940	0.00036913	7.88E-06	1.9
950	0.0003664	7.80E-06	2
960	0.00036369	7.72E-06	1.9
970	0.000361	7.64E-06	1.9
980	0.00035834	7.57E-06	1.9
990	0.00035569	7.49E-06	2
1000	0.00035306	7.42E-06	1.9
1010	0.00035045	7.34E-06	2
1020	0.00034786	7.27E-06	2
1030	0.00034529	7.20E-06	2
1040	0.00034274	7.13E-06	2
1050	0.0003402	7.06E-06	2
1060	0.00033769	6.99E-06	2
1070	0.00033519	6.92E-06	2
1080	0.00033271	6.86E-06	2
1090	0.00033025	6.79E-06	2
1100	0.00032781	6.73E-06	2
1110	0.00032539	6.66E-06	2
1120	0.00032299	6.60E-06	2
1130	0.0003206	6.54E-06	2
1140	0.00031823	6.48E-06	2
1150	0.00031588	6.42E-06	2
1160	0.00031354	6.36E-06	2
1170	0.00031122	6.31E-06	2
1180	0.00030892	6.25E-06	2
1190	0.00030664	6.20E-06	2
1200	0.000384	0.000854	1.6
1210	0.000597	0.00128		1.7
1220	0.000908	0.00184		1.8
1230	0.00135		0.00254		1.9
1240	0.00192		0.00334		1.9
1250	0.00263		0.00415		1.9
1260	0.00341		0.00485		1.7
1270	0.00418		0.00535		1.6
1280	0.00483		0.0056		1.5
1290	0.0053		0.00567		1.4
