10	0.0006472	5.27e-05	        2 
20	0.0006423	4.31e-05	        2 
30	0.0006378	3.75e-05	        2 
40	0.0006335	3.34e-05	        2 
50	0.0006292	3.03e-05	        2 
60	0.00062505	2.77e-05	        2 
70	0.00062092	2.55e-05	        2 
80	0.00061683	2.36e-05	        2 
90	0.00061278	2.19e-05	        2 
100	0.00060876	2.04e-05	        2 
110	0.00060478	1.91e-05	        2 
120	0.00060083	1.78e-05	        2 
130	0.00059691	1.67e-05	        2 
140	0.00059302	1.57e-05	        2 
150	0.00058916	1.48e-05	        2 
160	0.00058533	1.39e-05	        2 
170	0.00058153	1.31e-05	        2 
180	0.00057775	1.24e-05	        2 
190	0.00057399	1.17e-05	        2 
200	0.00057027	1.1e-05	        2 
210	0.00056657	1.04e-05	        2 
220	0.00056289	9.89e-06	        2 
230	0.00055924	9.37e-06	        2 
240	0.00055561	8.89e-06	        2 
250	0.00055201	8.44e-06	        2 
260	0.00054843	8.03e-06	        2 
270	0.00054488	7.64e-06	        2 
280	0.00054135	7.29e-06	        2 
290	0.00053784	6.96e-06	        2 
300	0.00053435	6.66e-06	        2 
310	0.00053089	6.39e-06	        2 
320	0.00052745	6.14e-06	        2 
330	0.00052404	5.92e-06	        2 
340	0.00052064	5.72e-06	        2 
350	0.00051727	5.54e-06	        2 
360	0.00051392	5.38e-06	        2 
370	0.0005106	5.25e-06	        2 
380	0.00050729	5.13e-06	        2 
390	0.00050401	5.03e-06	        2 
400	0.00050074	4.95e-06	        2 
410	0.0004975	4.88e-06	        2 
420	0.00049428	4.83e-06	        2 
430	0.00049108	4.79e-06	        2 
440	0.00048791	4.77e-06	        2 
450	0.00048475	4.75e-06	        2 
460	0.00048161	4.74e-06	        2 
470	0.00047849	4.75e-06	        2 
480	0.0004754	4.76e-06	        2 
490	0.00047232	4.77e-06	        2 
500	0.00046926	4.8e-06	        2 
510	0.00046623	4.82e-06	        2 
520	0.00046321	4.85e-06	        2 
530	0.00046021	4.89e-06	        2 
540	0.00045724	4.93e-06	        2 
550	0.00045428	4.97e-06	        2 
560	0.00045134	5.01e-06	        2 
570	0.00044842	5.05e-06	        2 
580	0.00044552	5.09e-06	        2 
590	0.00044263	5.13e-06	        2 
600	610	0.00043692	5.22e-06	        2 
620	0.0004341	5.26e-06	        2 
630	0.00043129	5.31e-06	        2 
640	0.0004285	5.35e-06	        2 
650	0.00042573	5.39e-06	        2 
660	0.00042297	5.43e-06	        2 
670	0.00042024	5.47e-06	        2 
680	0.00041752	5.5e-06	        2 
690	0.00041482	5.54e-06	        2 
700	0.00041213	5.58e-06	        2 
710	0.00040947	5.61e-06	        2 
720	0.00040682	5.64e-06	        2 
730	0.00040418	5.67e-06	        2 
740	0.00040157	5.7e-06	        2 
750	0.00039897	5.73e-06	        2 
760	0.00039639	5.75e-06	        2 
770	0.00039382	5.78e-06	        2 
780	0.00039128	5.8e-06	        2 
790	790	5.82e-06	        2 
800	0.00038623	5.84e-06	        2 
810	0.00038373	5.86e-06	        2 
820	0.00038125	5.88e-06	        2 
830	0.00037878	5.9e-06	        2 
840	0.00037633	5.91e-06	        2 
850	0.0003739	5.92e-06	        2 
860	0.00037148	5.94e-06	        2 
870	0.00036907	5.95e-06	        2 
880	0.00036668	5.96e-06	        2 
890	0.00036431	5.96e-06	        2 
900	0.00036195	5.97e-06	        2 
910	0.00035961	5.98e-06	        2 
920	0.00035729	5.98e-06	        2 
930	0.00035497	5.98e-06	        2 
940	0.00035268	5.98e-06	        2 
950	0.00035039	5.98e-06	        2 
960	0.00034813	5.98e-06	        2 
970	0.00034587	5.98e-06	        2 
980	0.00034364	5.98e-06	        2 
990	0.00034141	5.98e-06	        2 
1000	0.0003392	5.97e-06	        2 
1010	0.00033701	5.96e-06	        2 
1020	0.00033483	5.96e-06	        2 
1030	0.00033266	5.95e-06	        2 
1040	0.00033051	5.94e-06	        2 
1050	0.00032837	5.93e-06	        2 
1060	0.00032624	5.92e-06	        2 
1070	0.00032413	5.91e-06	        2 
1080	0.00032204	5.9e-06	        2 
1090	0.00031995	5.88e-06	        2 
1100	0.00031788	5.87e-06	        2 
1110	0.00031582	5.86e-06	        2 
1120	0.00031378	5.84e-06	        2 
1130	0.00031175	5.83e-06	        2 
1140	0.00030973	5.81e-06	        2 
1150	0.00030773	5.79e-06	        2 
1160	0.00030574	5.77e-06	        2 
1170	0.00030376	5.76e-06	        2 
1180	0.00030179	5.74e-06	        2 
1190	0.00029984	5.72e-06	        2 
1200	0.0002979	5.7e-06	        2 
1210	0.00029597	5.67e-06	        2 
1220	0.00029405	5.65e-06	        2 
1230	0.00029215	5.63e-06	        2 
1240	0.00029026	5.61e-06	        2 
1250	0.00028838	5.59e-06	        2 
1260	0.00028652	5.56e-06	        2 
1270	0.00028466	5.54e-06	        2 
1280	0.00028282	5.51e-06	        2 
1290	0.00028099	5.49e-06	        2 
1300	0.00027917	5.46e-06	        2 
1310	0.00027736	5.44e-06	        2 
1320	0.00027557	5.41e-06	        2 
1330	0.00027378	5.39e-06	        2 
1340	0.00027201	5.36e-06	        2 
1350	0.00027025	5.33e-06	        2 
1360	0.0002685	5.31e-06	        2 
1370	0.00026676	5.28e-06	        2 
1380	0.00026504	5.25e-06	        2 
1390	0.00026332	5.22e-06	        2 
1400	0.00026162	5.19e-06	        2 
1410	0.00025992	5.17e-06	        2 
1420	0.00025824	5.14e-06	        2 
1430	0.00025657	5.11e-06	        2 
1440	0.00025491	5.08e-06	        2 
1450	0.00025326	5.05e-06	        2 
1460	0.00025162	5.02e-06	        2 
1470	0.00024999	4.99e-06	        2 
1480	0.00024837	4.96e-06	        2 
1490	0.00024676	4.93e-06	        2 
1500	0.00024517	4.9e-06	        2 
1510	0.00024358	4.87e-06	        2 
1520	0.000242	4.84e-06	        2 
1530	0.00024044	4.81e-06	        2 
1540	0.00023888	4.78e-06	        2 
1550	0.00023733	4.74e-06	        2 
