10	0.004927	0.000236	1.8
20	0.0028819	8.74E-05	1.8
30	0.0020991	7.56E-05	1.8
40	0.0016731	7.59E-05	1.8
50	0.001401	7.56E-05	1.8
60	0.001211	7.44E-05	1.8
70	0.00107		7.27E-05	1.9
80	0.0009607	7.07E-05	1.9
90	0.0008731	6.86E-05	1.9
100	0.0008012	6.66E-05	1.9
110	0.000741	6.45E-05	1.9
120	0.0006898	6.26E-05	1.9
130	0.0006457	6.08E-05	1.9
140	0.0006073	5.90E-05	1.9
150	0.0005735	5.73E-05	1.9
160	0.0005434	5.58E-05	1.9
170	0.0005166	5.43E-05	1.9
180	0.0004924	5.29E-05	1.9
190	0.0004705	5.15E-05	1.9
200	0.00045248	1.15E-05	1.9
210	0.00045021	1.10E-05	1.9
220	0.00044796	1.05E-05	1.9
230	0.00044572	1.01E-05	1.9
240	0.00044348	9.64E-06	1.9
250	0.00044126	9.25E-06	1.9
260	0.00043906	8.89E-06	1.9
270	0.00043686	8.54E-06	1.9
280	0.00043468	8.21E-06	1.9
290	0.0004325	7.90E-06	1.9
300	0.00043034	7.60E-06	1.9
310	0.00042819	7.32E-06	1.9
320	0.00042605	7.06E-06	1.9
330	0.00042392	6.81E-06	1.9
340	0.0004218	6.58E-06	1.9
350	0.0004197	6.36E-06	1.9
360	0.0004176	6.15E-06	1.9
370	0.00041552	5.96E-06	1.8
380	0.00041344	5.78E-06	1.8
390	0.00041138	5.61E-06	1.8
400	0.00040932	5.45E-06	1.8
410	0.00040728	5.30E-06	1.8
420	0.00040525	5.16E-06	1.8
430	0.00040323	5.03E-06	1.8
440	0.00040121	4.92E-06	1.7
450	0.00039921	4.81E-06	1.7
460	0.00039722	4.71E-06	1.7
470	0.00039524	4.62E-06	1.7
480	0.00039326	4.54E-06	1.7
490	0.0003913	4.46E-06	1.7
500	0.00038935	4.40E-06	1.6
510	0.00038741	4.34E-06	1.6
520	0.00038548	4.29E-06	1.6
530	0.00038355	4.24E-06	1.7
540	0.00038164	4.20E-06	1.7
550	0.00037974	4.17E-06	1.7
560	0.00037784	4.14E-06	1.7
570	0.00037596	4.11E-06	1.7
580	0.00037408	4.09E-06	1.7
590	0.00037222	4.08E-06	1.7
600	0.00037036	4.07E-06	1.7
610	0.00036851	4.06E-06	1.7
620	0.00036668	4.06E-06	1.8
630	0.00036485	4.05E-06	1.8
640	0.00036303	4.06E-06	1.8
650	0.00036122	4.06E-06	1.8
660	0.00035942	4.07E-06	1.8
670	0.00035762	4.07E-06	1.8
680	0.00035584	4.08E-06	1.8
690	0.00035407	4.09E-06	1.8
700	0.0003523	4.11E-06	1.9
710	0.00035054	4.12E-06	1.9
720	0.0003488	4.14E-06	1.9
730	0.00034706	4.15E-06	1.9
740	0.00034533	4.17E-06	1.9
750	0.0003436	4.18E-06	1.9
760	0.00034189	4.20E-06	1.9
770	0.00034019	4.22E-06	1.9
780	0.00033849	4.24E-06	1.9
790	0.0003368	4.25E-06	1.9
800	0.00033512	4.27E-06	1.9
810	0.00033345	4.29E-06	1.9
820	0.00033179	4.31E-06	1.9
830	0.00033014	4.33E-06	1.9
840	0.00032849	4.34E-06	1.9
850	0.00032685	4.36E-06	1.9
860	0.00032522	4.38E-06	1.9
870	0.0003236	4.40E-06	1.9
880	0.00032199	4.41E-06	1.9
890	0.00032038	4.43E-06	1.9
900	0.00031878	4.44E-06	1.9
910	0.00031719	4.46E-06	1.9
920	0.00031561	4.47E-06	1.9
930	0.00031404	4.49E-06	1.9
940	0.00031247	4.50E-06	1.9
950	0.00031092	4.51E-06	1.9
960	0.00030937	4.53E-06	1.9
970	0.00030782	4.54E-06	1.9
980	0.00030629	4.55E-06	2
990	0.00030476	4.56E-06	2
1000	0.00030324	4.57E-06	2
1010	0.00030173	4.58E-06	2
1020	0.00030023	4.59E-06	2
1030	0.00029873	4.60E-06	2
1040	0.00029724	4.61E-06	2
1050	0.00029576	4.62E-06	2
1060	0.00029428	4.62E-06	2
1070	0.00029281	4.63E-06	2
1080	0.00029135	4.64E-06	2
1090	0.0002899	4.64E-06	2
1100	0.00028846	4.65E-06	2
1110	0.00028702	4.65E-06	2
1120	0.00028559	4.66E-06	2
1130	0.00028416	4.66E-06	2
1140	0.00028275	4.66E-06	2
1150	0.00028134	4.66E-06	2
1160	0.00027993	4.67E-06	2
1170	0.00027854	4.67E-06	2
1180	0.00027715	4.67E-06	2
1190	0.00027577	4.67E-06	2
1200	0.00027439	4.67E-06	2
1210	0.00027302	4.67E-06	2
1220	0.00027166	4.67E-06	2
1230	0.00027031	4.66E-06	2
1240	0.00026896	4.66E-06	2
1250	0.00026762	4.66E-06	2
1260	0.00026628	4.66E-06	2
1270	0.00026496	4.65E-06	2
1280	0.00026363	4.65E-06	2
1290	0.00026232	4.65E-06	2
1300	0.00026101	4.64E-06	2
1310	0.00025971	4.64E-06	2
1320	0.00025842	4.63E-06	2
1330	0.00025713	4.62E-06	2
1340	0.00025584	4.62E-06	2
1350	0.00025457	4.61E-06	2
1360	0.0002533	4.60E-06	2
1370	0.00025204	4.60E-06	2
1380	0.00025078	4.59E-06	2
1390	0.00024953	4.58E-06	2
1400	0.00024828	4.57E-06	2
1410	0.00024705	4.56E-06	2
1420	0.00024581	4.55E-06	2
1430	0.00024459	4.55E-06	2
1440	0.00024337	4.54E-06	2
1450	0.00024215	4.53E-06	2
1460	0.00024095	4.52E-06	2
1470	0.00023975	4.51E-06	2
1480	0.00023855	4.49E-06	2
1490	0.00023736	4.48E-06	2
1500	0.00023618	4.47E-06	2
1510	0.000235	4.46E-06	2
1520	0.00023383	4.45E-06	2
1530	0.00023266	4.44E-06	2
1540	0.0002315	4.42E-06	2
1550	0.00023035	4.41E-06	2
1560	0.0002292	4.40E-06	2
1570	0.00022805	4.38E-06	2
1580	0.00022692	4.37E-06	2
1590	0.00022578	4.36E-06	2
1600	0.00022466	4.34E-06	2
1610	0.00022354	4.33E-06	2
1620	0.00022242	4.32E-06	2
1630	0.00022131	4.30E-06	2
1640	0.00022021	4.29E-06	2
1650	0.00021911	4.27E-06	2
1660	0.00021802	4.26E-06	2
1670	0.00021693	4.24E-06	2
1680	0.00021585	4.23E-06	2
1690	0.00021477	4.21E-06	2
1700	0.0002137	4.20E-06	2
1710	0.00021264	4.18E-06	2
1720	0.00021157	4.16E-06	2
1730	0.00021052	4.15E-06	2
1760	0.00020738	4.10E-06	2
1770	0.00020635	4.08E-06	2
1780	0.00020532	4.07E-06	2
1820	0.00020125	4.00E-06	2
1830	0.00020025	3.98E-06	2
1840	0.00019925	3.96E-06	2
1850	0.00019826	3.95E-06	2
1860	0.00019727	3.93E-06	2
1870	0.00019629	3.91E-06	2
1880	0.000236	0.000313	1.8
1890	0.000406	0.000536	1.8
1900	0.000692	0.000907	1.8
1910	0.00116		0.00151		1.8
1920	0.00192		0.00242		1.8
1930	0.00305		0.0037		1.7
1940	0.00461		0.00523		1.6
1950	0.00646		0.00654		1.5
1960	0.00816		0.006983	1.4
1970	0.00916		0.006565	1.4
